trading_date,wind_code,open,high,low,close,volume,pct_chg,vwap,adj_factor,turn,free_turn,is_st,trade_status,close/free_turn,open/turn,volume/low,vwap/high,low/high,vwap/close
2013-02-08,000657.SZ,40.928,48.804,40.928,43.291,42154236.0,44.343,44.198,3.029,29.263,29.263,1,盘中停牌,1.4793766872842837,1.398626251580494,1029960.8092259578,0.9056224899598393,0.8386197852635029,1.0209512369776628
2013-02-18,000657.SZ,44.381,45.381,41.503,43.26,21325926.0,-0.07,43.67,3.029,14.804,14.804,1,交易,2.9221831937314238,2.997905971359092,513840.5898368793,0.9622969965404023,0.9145457349992288,1.0094775774387426
2013-02-19,000657.SZ,42.564,43.321,41.261,41.503,13710854.999999998,-4.062,42.27,3.029,9.518,9.518,1,交易,4.360474889682706,4.471947888211809,332295.75143598067,0.9757392488631381,0.9524480044320308,1.0184805917644508
2013-02-20,000657.SZ,41.382,41.443,39.686,39.898,12211566.0,-3.869,40.379,3.029,8.477,8.477,1,交易,4.706617907278519,4.881679839565884,307704.6313561457,0.974326182950076,0.9576044205294019,1.0120557421424632
2013-02-21,000657.SZ,39.534,40.473,38.868,39.867,8245666.0,-0.076,39.629,3.029,5.724,5.724,1,交易,6.964884696016771,6.90670859538784,212145.36379541009,0.9791465915548637,0.9603439329923653,0.9940301502495799
2013-02-22,000657.SZ,39.383,40.261,38.625,39.807,8286152.0,-0.152,39.551,3.029,5.752,5.752,1,交易,6.920549374130737,6.846835883171072,214528.2071197411,0.9823650679317454,0.9593651424455427,0.9935689702816087
2013-02-25,000657.SZ,39.686,39.837,38.11,38.11,9865519.0,-4.262,38.72,3.029,6.849,6.849,1,交易,5.564315958534093,5.794422543436998,258869.56179480453,0.9719607400155633,0.9566483419936239,1.0160062975596955
2013-02-26,000657.SZ,37.838,40.019,37.141,39.504,11160138.0,3.657,39.403,3.029,7.747,7.747,1,交易,5.099264231315348,4.8842132438363235,300480.2778600469,0.9846073115270246,0.9280841600239886,0.9974432968813285
2013-02-27,000657.SZ,39.261,41.2,39.08,41.079,10417793.0,3.988,40.364,3.029,7.232,7.232,1,交易,5.680171460176991,5.428788716814159,266576.0747185261,0.9797087378640775,0.9485436893203882,0.9825945130115143
2013-02-28,000657.SZ,41.2,42.564,41.17,41.776,9960599.0,1.696,41.763,3.029,6.915,6.915,1,交易,6.041359363702098,5.958062183658713,241938.28030119019,0.9811812799548915,0.9672493186730571,0.9996888165453848
2013-03-01,000657.SZ,41.503,43.866,41.261,43.866,9107180.0,5.004,42.993,3.029,6.322,6.322,1,交易,6.938627016766846,6.5648528946535905,220721.2622088655,0.9800984817398442,0.940614599006064,0.9800984817398442
2013-03-04,000657.SZ,43.866,44.775,41.685,41.685,14192621.0,-4.972,43.258,3.029,9.853,9.853,1,交易,4.230691160052777,4.452045062417538,340473.0958378313,0.9661194863204914,0.9309882747068677,1.0377353964255727
2013-03-05,000657.SZ,41.049,43.472,41.049,42.654,7571988.0,2.326,42.511,3.029,5.256,5.256,1,交易,8.115296803652969,7.809931506849314,184462.1793466345,0.9778938167096062,0.944262973868237,0.9966474422094059
2013-03-06,000657.SZ,42.291,44.775,42.291,44.775,12292873.0,4.972,43.965,3.029,8.534,8.534,1,交易,5.246660417154909,4.9555894070775715,290673.50027192547,0.9819095477386935,0.9445226130653266,0.9819095477386935
2013-03-07,000657.SZ,44.533,44.684,43.472,44.169,9083066.0,-1.353,43.982,3.029,6.305,6.305,1,交易,7.005392545598731,7.063124504361618,208940.60544718438,0.9842896786321726,0.9728761972965716,0.9957662614050579
2013-03-08,000657.SZ,43.624,43.987,42.412,42.412,6103768.0,-3.978,43.03,3.029,4.237,4.237,1,交易,10.009912674061836,10.295964125560538,143916.06149203057,0.978243571964444,0.9641939663991633,1.0145713477317742
2013-03-11,000657.SZ,42.109,42.321,40.594,40.897,5385036.0,-3.571,41.24,3.029,3.738,3.738,1,交易,10.940877474585339,11.265115034777956,132655.9590087205,0.9744571253042226,0.959192835708041,1.008386923246204
2013-03-12,000657.SZ,40.746,42.654,39.746,40.17,6554044.0,-1.778,41.132,3.029,4.55,4.55,1,交易,8.82857142857143,8.955164835164837,164898.20359281436,0.9643175317672432,0.9318235101045622,1.0239482200647247
2013-03-13,000657.SZ,40.14,41.049,39.413,40.564,4389759.0,0.98,40.362,3.029,3.047,3.047,1,交易,13.312766655726945,13.173613390219888,111378.45380965673,0.9832639041145949,0.9601451923311164,0.995020214968938
2013-03-14,000657.SZ,40.564,40.897,39.867,40.443,3003036.0,-0.299,40.294,3.029,2.085,2.085,1,交易,19.397122302158273,19.45515587529976,75326.36014749041,0.9852556422231459,0.9748147785901166,0.9963158024874514
2013-03-15,000657.SZ,40.231,40.897,39.474,39.474,3596983.9999999995,-2.397,40.245,3.029,2.497,2.497,1,交易,15.80857028434121,16.11173408089708,91122.8656837412,0.9840575103308311,0.9652052717803261,1.01953184374525
2013-03-18,000657.SZ,38.868,38.989,37.504,37.504,4025226.9999999995,-4.988,37.868,3.029,2.794,2.794,1,交易,13.423049391553327,13.911238367931281,107327.93835324231,0.9712483008027907,0.9619123342481213,1.0097056313993176
2013-03-19,000657.SZ,36.293,36.293,35.626,35.626,5565136.0,-5.008,35.668,3.029,3.863,3.863,1,交易,9.222366036758995,9.395029769609112,156209.9590186942,0.9827790483013253,0.9816218003471744,1.0011789142760905
2013-03-20,000657.SZ,35.293,36.899,35.293,36.232,6033408.0,1.701,36.067,3.029,4.188,4.188,1,交易,8.651384909264566,8.427172874880611,170951.97347916017,0.9774519634678447,0.9564757852516328,0.9954460145727534
2013-03-21,000657.SZ,36.565,37.414,36.141,37.08,4929246.0,2.341,36.895,3.029,3.422,3.422,1,交易,10.835768556399765,10.685271770894213,136389.30854154562,0.9861281873095633,0.9659753033623776,0.9950107874865157
2013-03-22,000657.SZ,36.959,37.323,36.111,36.656,4194780.0,-1.144,36.712,3.029,2.912,2.912,1,交易,12.587912087912088,12.691964285714286,116163.49588767966,0.983629397422501,0.9675267261474157,1.0015277171540813
2013-03-25,000657.SZ,36.686,37.626,36.353,37.141,4040197.0,1.322,37.144,3.029,2.805,2.805,1,交易,13.240998217468805,13.078787878787878,111137.92534316287,0.9871897092436082,0.9661670121724341,1.0000807732694328
2013-03-26,000657.SZ,36.868,36.929,35.293,35.293,7550177.0,-4.976,35.54,3.029,5.241,5.241,1,交易,6.734020225147873,7.034535394008778,213928.4560677755,0.962387283706572,0.9556987733217795,1.0069985549542402
2013-03-27,000657.SZ,35.323,35.687,34.263,35.051,5206885.0,-0.687,34.882,3.029,3.615,3.615,1,交易,9.695988934993084,9.771230982019363,151968.15807138896,0.977442766273433,0.9600975145010788,0.9951784542523749
2013-03-28,000657.SZ,34.778,35.868,34.081,35.051,4880518.0,0.0,35.008,3.029,3.388,3.388,1,交易,10.345631641086188,10.265053128689493,143203.4858132097,0.9760231961637114,0.9501784320285491,0.9987732161707227
2013-03-29,000657.SZ,35.051,35.717,34.233,34.778,3567755.0000000005,-0.778,34.949,3.029,2.477,2.477,1,交易,14.040371417036738,14.150585385547034,104219.7587123536,0.9784976341798023,0.9584511577120138,1.0049169014894472
2013-04-01,000657.SZ,34.475,35.263,34.142,34.99,2220039.0,0.61,34.715,3.029,1.541,1.541,1,交易,22.706035042180403,22.371836469824792,65023.69515552691,0.9844596319087997,0.9682103054192781,0.9921406116033152
2013-04-02,000657.SZ,36.353,36.747,35.778,36.747,6653770.0,5.022,36.647,3.029,4.619,4.619,1,交易,7.955618099155662,7.870318250703616,185973.7827715356,0.9972786894168231,0.9736305004490162,0.9972786894168231
2013-04-03,000657.SZ,34.899,36.202,34.899,34.899,8602823.0,-5.029,35.16,3.029,5.972,5.972,1,交易,5.843770931011386,5.843770931011386,246506.28957849793,0.9712170598309485,0.9640075133970499,1.0074787243187482
2013-04-08,000657.SZ,34.96,35.263,34.233,34.505,3766890.0,-1.128,34.724,3.029,2.615,2.615,1,交易,13.195028680688337,13.369024856596557,110036.80659013234,0.9847148569321952,0.9707909139891671,1.0063469062454715
2013-04-09,000657.SZ,34.323,35.656,34.323,34.626,4171983.0,0.351,35.063,3.029,2.896,2.896,1,交易,11.956491712707182,11.851864640883978,121550.65116685604,0.9833688579762173,0.962614987659861,1.0126205741350431
2013-04-10,000657.SZ,34.687,36.353,34.505,36.353,7161614.0,4.987,35.727,3.029,4.972,4.972,1,交易,7.311544650040225,6.976468222043442,207552.9343573395,0.9827799631392181,0.9491651308007593,0.9827799631392181
2013-04-11,000657.SZ,35.99,36.686,35.535,35.566,4443378.0,-2.167,36.019,3.029,3.085,3.085,1,交易,11.528687196110212,11.66612641815235,125042.29632756439,0.9818186774246306,0.9686256337567464,1.0127368835404598
2013-04-12,000657.SZ,35.505,37.323,35.323,36.656,5545635.0,3.066,36.547,3.029,3.85,3.85,1,交易,9.521038961038961,9.222077922077922,156997.84842737028,0.9792085309326688,0.9464137395171878,0.9970264076822348
2013-04-15,000657.SZ,36.293,37.292,36.081,36.444,3428208.9999999995,-0.579,36.555,3.029,2.38,2.38,1,交易,15.31260504201681,15.249159663865546,95014.24572489674,0.9802370481604633,0.9675265472487398,1.0030457688508396
2013-04-16,000657.SZ,35.747,35.747,34.626,34.808,4737068.0,-4.489,34.836,3.029,3.288,3.288,1,交易,10.586374695863748,10.871958637469588,136806.67706347833,0.9745153439449464,0.9686407250958122,1.0008044127786715
2013-04-17,000657.SZ,34.808,34.899,33.566,34.202,3110728.0,-1.741,34.29,3.029,2.159,2.159,1,交易,15.841593330245484,16.12227883279296,92674.96871834593,0.9825496432562537,0.9618040631536721,1.0025729489503539
2013-04-18,000657.SZ,33.808,35.051,33.808,34.717,2321891.0,1.506,34.657,3.029,1.612,1.612,1,交易,21.536600496277913,20.972704714640198,68678.74467581637,0.98875923654104,0.9645373883769364,0.9982717400697064
2013-04-19,000657.SZ,34.475,35.353,34.081,35.232,2857628.0,1.483,35.039,3.029,1.984,1.984,1,交易,17.758064516129032,17.376512096774196,83848.12652210909,0.9911181512177184,0.9640200265889741,0.994522025431426
2013-04-22,000657.SZ,34.838,36.141,34.687,35.929,3737823.0000000005,1.978,35.458,3.029,2.595,2.595,1,交易,13.845472061657032,13.42504816955684,107758.61273676019,0.9811017957444453,0.9597686837663595,0.9868908124356368
2013-04-23,000657.SZ,36.02,36.111,34.142,34.233,4968610.0,-4.722,34.857,3.029,3.449,3.449,1,交易,9.925485648013916,10.443606842563064,145527.79567687892,0.9652737393038133,0.9454736783805491,1.0182280255893437
2013-04-24,000657.SZ,34.384,35.02,34.172,34.899,3063499.0,1.947,34.756,3.029,2.127,2.127,1,交易,16.407616361071934,16.165491302303717,89649.39131452653,0.9924614505996573,0.9757852655625355,0.9959024613885784
2013-04-25,000657.SZ,34.838,35.323,33.233,33.869,4201272.0,-2.951,34.336,3.029,2.917,2.917,1,交易,11.61090161124443,11.943092218032225,126418.68022748474,0.9720578659796733,0.9408317526823882,1.0137884200891671
2013-04-26,000657.SZ,33.778,34.051,32.748,32.991,3175026.0,-2.594,33.513,3.029,2.204,2.204,1,交易,14.968693284936478,15.325771324863881,96953.27958959326,0.9842001703327361,0.9617338697835598,1.0158224970446486
2013-05-02,000657.SZ,32.688,32.9,31.779,32.142,2141405.0,-2.571,32.297,3.029,1.487,1.487,1,交易,21.61533288500336,21.982515131136516,67384.278926335,0.9816717325227963,0.9659270516717325,1.004822350818244
2013-05-03,000657.SZ,32.263,33.172,32.263,32.839,2114574.0,2.168,32.772,3.029,1.468,1.468,1,交易,22.369891008174385,21.977520435967303,65541.76610978521,0.987941637525624,0.9725973712769806,0.9979597429885197
2013-05-06,000657.SZ,32.96,33.93,32.96,33.869,2546813.0,3.137,33.507,3.029,1.768,1.768,1,交易,19.156674208144796,18.642533936651585,77269.81189320388,0.9875331564986737,0.9714117300324198,0.9893117600165342
2013-05-07,000657.SZ,33.869,34.687,33.657,33.93,2989724.0,0.179,34.21,3.029,2.075,2.075,1,交易,16.35180722891566,16.322409638554216,88829.1885788989,0.9862484504281144,0.9703058782829301,1.008252284114353
2013-05-08,000657.SZ,33.869,34.263,33.384,34.021,2218071.0,0.268,33.849,3.029,1.54,1.54,1,交易,22.09155844155844,21.992857142857144,66441.13946800862,0.9879169950091935,0.9743455038963313,0.9949442991093735
2013-05-09,000657.SZ,33.96,34.717,33.627,34.051,2293683.0,0.089,34.158,3.029,1.592,1.592,1,交易,21.388819095477388,21.331658291457288,68209.56374342045,0.9838983783160988,0.9686032779330013,1.003142345305571
2013-05-10,000657.SZ,33.778,34.536,33.536,34.505,2498554.0,1.335,34.176,3.029,1.734,1.734,1,交易,19.89907727797001,19.479815455594,74503.63788167939,0.9895760945100764,0.9710447069724346,0.990465149978264
2013-05-13,000657.SZ,34.384,34.657,34.021,34.233,2457146.0,-0.79,34.295,3.029,1.706,1.706,1,交易,20.066236811254395,20.154747948417352,72224.39081743629,0.9895547796981852,0.9816487289725021,1.0018111179271465
2013-05-14,000657.SZ,34.172,34.293,33.142,33.203,2322496.0,-3.009,33.593,3.029,1.612,1.612,1,交易,20.59739454094293,21.1985111662531,70077.12268420734,0.9795876709532559,0.9664362989531392,1.0117459265729
2013-05-15,000657.SZ,32.778,33.475,32.778,33.203,1399852.0,0.0,33.136,3.029,0.972,0.972,1,交易,34.159465020576135,33.72222222222222,42707.059613155165,0.9898730395817775,0.979178491411501,0.9979821100502967
2013-05-16,000657.SZ,33.021,33.445,32.839,33.263,2065878.0,0.182,33.226,3.029,1.434,1.434,1,交易,23.195955369595538,23.027196652719667,62909.284691982095,0.9934519360143519,0.9818806996561519,0.9988876529477198
2013-05-17,000657.SZ,33.354,33.475,32.688,33.354,3413639.0,0.273,33.093,3.029,2.37,2.37,1,交易,14.073417721518986,14.073417721518986,104430.95325501713,0.9885884988797611,0.9764899178491412,0.9921748515920131
2013-05-20,000657.SZ,33.354,33.536,32.869,33.324,3434304.0,-0.091,33.172,3.029,2.384,2.384,1,交易,13.978187919463087,13.990771812080537,104484.59034348474,0.9891459923664121,0.980110925572519,0.9954387228423959
2013-05-21,000657.SZ,33.293,34.99,32.991,34.99,6717280.0,5.0,34.331,3.029,4.663,4.663,1,交易,7.503752948745443,7.139824147544498,203609.46924918916,0.9811660474421263,0.9428693912546441,0.9811660474421263
2013-05-22,000657.SZ,34.778,35.808,34.475,35.232,5933567.0,0.693,35.064,3.029,4.119,4.119,1,交易,8.553532410779315,8.443311483369751,172112.1682378535,0.9792225201072386,0.9627736818588025,0.9952316076294279
2013-05-23,000657.SZ,35.02,35.899,34.505,34.748,4811101.0,-1.376,35.076,3.029,3.34,3.34,1,交易,10.403592814371256,10.485029940119762,139431.99536299086,0.9770745703222931,0.9611688347864844,1.0094393921952343
2013-05-24,000657.SZ,34.687,35.353,34.657,34.929,3153146.0,0.523,34.942,3.029,2.189,2.189,1,交易,15.956601187756966,15.84604842393787,90981.50445797386,0.9883743953837015,0.980312844737363,1.0003721835723896
2013-05-27,000657.SZ,35.141,36.686,35.141,36.202,6082038.0,3.643,36.154,3.029,4.222,4.222,1,交易,8.574609189957364,8.323306489815252,173075.26820523036,0.9854985553072018,0.9578858420105762,0.9986741064029613
2013-05-28,000657.SZ,36.111,38.019,36.111,38.019,8160270.0,5.021,37.764,3.029,5.665,5.665,1,交易,6.711209179170344,6.374404236540158,225977.40300739388,0.9932928272705753,0.94981456640101,0.9932928272705753
2013-05-29,000657.SZ,38.534,38.959,37.504,37.716,6834444.0,-0.797,38.084,3.029,4.744,4.744,1,交易,7.950252951096122,8.122681281618886,182232.40187713312,0.9775404912857106,0.9626530455093816,1.0097571322515644
2013-05-30,000657.SZ,37.686,39.413,37.292,38.959,4687444.0,3.293,38.708,3.029,3.254,3.254,1,交易,11.97264904732637,11.581438229870928,125695.69880939611,0.9821125009514627,0.9461852688199326,0.9935573295002437
2013-05-31,000657.SZ,38.868,39.716,38.322,38.625,4714660.0,-0.855,38.974,3.029,3.273,3.273,1,交易,11.801099908340971,11.875343721356554,123027.50378372736,0.9813173532077751,0.9649007956491087,1.0090355987055015
2013-06-03,000657.SZ,38.292,38.959,37.565,38.474,4016825.0,-0.392,38.145,3.029,2.788,2.788,1,交易,13.799856527977044,13.734576757532283,106929.98802076401,0.9791062398932211,0.9642187941168919,0.9914487705983263
2013-06-04,000657.SZ,38.383,39.231,37.414,38.413,4649497.0,-0.157,38.459,3.029,3.228,3.228,1,交易,11.89993804213135,11.890644361833953,124271.5828299567,0.9803216843822488,0.953684586169101,1.0011975112592093
2013-06-05,000657.SZ,38.353,39.564,37.959,39.08,3569639.0,1.735,39.006,3.029,2.478,2.478,1,交易,15.770782889426956,15.477401129943502,94039.3319107458,0.9858962693357598,0.9594328177130725,0.9981064483111567
2013-06-06,000657.SZ,38.807,40.716,38.625,39.928,5090887.0,2.171,39.865,3.029,3.534,3.534,1,交易,11.298245614035087,10.98104131295982,131802.8996763754,0.9790991256508498,0.9486442676097848,0.9984221598877981
2013-06-07,000657.SZ,40.11,40.11,37.929,37.929,4337405.0,-5.008,38.631,3.029,3.011,3.011,1,交易,12.596811690468282,13.321155762205247,114355.90181655197,0.9631264023934181,0.9456245325355274,1.0185082654433282
2013-06-13,000657.SZ,36.808,36.838,36.02,36.02,1011000.0,-5.032,36.076,3.029,0.702,0.702,1,交易,51.31054131054132,52.433048433048434,28067.74014436424,0.9793148379390846,0.9777946685487812,1.0015546918378677
2013-06-14,000657.SZ,36.232,37.807,36.05,37.111,6129808.0,3.028,37.286,3.029,4.255,4.255,1,交易,8.721739130434782,8.515158636897768,170036.28294036063,0.9862194831644934,0.9535271246065542,1.0047155829807874
2013-06-17,000657.SZ,37.111,37.111,35.263,35.263,5040402.0,-4.98,35.523,3.029,3.499,3.499,1,交易,10.078022292083451,10.606173192340668,142937.41315259621,0.9572094527229125,0.9502034437228855,1.0073731673425406
2013-06-18,000657.SZ,35.232,35.899,34.838,35.444,1663918.9999999998,0.515,35.432,3.029,1.155,1.155,1,交易,30.68744588744589,30.503896103896103,47761.61088466616,0.9869912810941809,0.9704448591882783,0.999661437760975
2013-06-19,000657.SZ,35.232,36.262,34.505,35.838,2349641.0,1.111,35.344,3.029,1.631,1.631,1,交易,21.973022685469036,21.601471489883508,68095.66729459498,0.9746842424576692,0.9515470740720314,0.9862157486466879
2013-06-20,000657.SZ,35.505,35.838,34.142,34.354,2578705.0,-4.142,35.166,3.029,1.79,1.79,1,交易,19.19217877094972,19.835195530726256,75528.8208072169,0.9812489536246441,0.9526759305764831,1.023636257786575
2013-06-21,000657.SZ,33.324,34.475,33.293,34.111,1753018.0,-0.705,33.876,3.029,1.217,1.217,1,交易,28.028759244042725,27.382087099424812,52654.251644489836,0.9826250906453952,0.9657142857142856,0.9931107267450383
2013-06-24,000657.SZ,34.233,34.233,32.415,32.415,2850124.0,-4.973,32.738,3.029,1.979,1.979,1,交易,16.379484588175846,17.298130368873167,87926.08360327009,0.9563286886921977,0.9468933485233547,1.0099645225975629
2013-06-25,000657.SZ,30.809,31.355,30.809,30.9,3684465.0,-4.673,30.837,3.029,2.558,2.558,1,交易,12.079749804534792,12.044175136825647,119590.54172482066,0.9834795088502631,0.9825865093286558,0.9979611650485437
2013-06-26,000657.SZ,30.9,31.446,30.537,31.294,2616694.0,1.275,30.986,3.029,1.817,1.817,1,交易,17.22289488167309,17.006053935057786,85689.29495366277,0.9853717483940724,0.9710933028048082,0.9901578577363073
2013-06-27,000657.SZ,31.324,31.961,30.173,30.506,2801339.0,-2.517,31.215,3.029,1.945,1.945,1,交易,15.684318766066838,16.104884318766068,92842.57448712425,0.9766590532211132,0.9440568192484591,1.02324132957451
2013-06-28,000657.SZ,29.991,30.658,28.992,29.234,3740733.0,-4.171,29.589,3.029,2.597,2.597,1,交易,11.256834809395457,11.548324990373509,129026.38658940396,0.9651314501924456,0.9456585556787788,1.0121433946774303
2013-07-01,000657.SZ,28.931,30.537,28.719,30.294,2156196.0,3.627,29.662,3.029,1.497,1.497,1,交易,20.236472945891784,19.325985303941216,75079.07656951844,0.9713462357140518,0.9404656646035957,0.9791377830593516
2013-07-02,000657.SZ,30.294,31.052,29.779,30.688,1805511.0,1.3,30.329,3.029,1.253,1.253,1,交易,24.491620111731844,24.177174780526737,60630.34353067598,0.976716475589334,0.9590042509339173,0.9883016162669448
2013-07-03,000657.SZ,30.234,30.537,29.719,29.931,1775173.0,-2.468,30.013,3.029,1.232,1.232,1,交易,24.294642857142858,24.540584415584416,59731.92233924425,0.9828404885876151,0.9732128237875365,1.0027396344926665
2013-07-04,000657.SZ,29.658,31.385,29.295,30.931,2914487.0,3.34,30.511,3.029,2.023,2.023,1,交易,15.28966880869995,14.660405338606031,99487.52346816863,0.9721523020551218,0.9334076788274653,0.9864213895444699
2013-07-05,000657.SZ,30.84,32.445,30.688,31.536,3269896.0,1.959,31.646,3.029,2.27,2.27,1,交易,13.89251101321586,13.58590308370044,106552.9197080292,0.9753737093542919,0.9458468176914778,1.0034880771182142
2013-07-08,000657.SZ,31.052,31.203,30.113,30.234,2443131.0,-4.131,30.66,3.029,1.696,1.696,1,交易,17.826650943396228,18.308962264150942,81132.1024142397,0.9825978271320066,0.9650674614620389,1.014090097241516
2013-07-09,000657.SZ,30.446,31.143,30.143,30.385,1668946.0,0.501,30.488,3.029,1.159,1.159,1,交易,26.216566005176876,26.269197584124246,55367.61437149587,0.9789679863853835,0.9678900555502039,1.0033898305084745
2013-07-10,000657.SZ,30.294,31.9,30.052,31.9,3280457.0,4.985,31.415,3.029,2.277,2.277,1,交易,14.00966183574879,13.304347826086955,109159.35711433516,0.9847962382445141,0.9420689655172414,0.9847962382445141
2013-07-11,000657.SZ,32.566,33.506,32.294,33.506,2666383.0,5.033,33.222,3.029,1.851,1.851,1,交易,18.10156672069152,17.593733117233928,82565.89459342294,0.9915239061660598,0.9638273742016354,0.9915239061660598
2013-07-12,000657.SZ,34.687,35.172,33.506,33.839,5838006.0,0.995,34.607,3.029,4.053,4.053,1,交易,8.34912410560079,8.558351838144583,174237.62908135855,0.9839360855225748,0.9526327760718755,1.0226957061378883
2013-07-15,000657.SZ,34.233,35.535,33.536,35.535,5189799.0,5.013,35.208,3.029,3.603,3.603,1,交易,9.862614487926725,9.501248959200664,154753.07132633586,0.9907978049810047,0.9437456029266921,0.9907978049810047
2013-07-16,000657.SZ,35.687,37.232,35.414,35.929,4706776.0,1.108,36.206,3.029,3.267,3.267,1,交易,10.997551270278544,10.923477196204468,132907.21183712655,0.9724430597335626,0.9511710356682425,1.0077096495866849
2013-07-17,000657.SZ,35.656,36.293,34.99,35.172,2703995.0,-2.108,35.522,3.029,1.877,1.877,1,交易,18.738412360149173,18.996270644645712,77279.07973706773,0.978756233984515,0.9640977598986031,1.0099510974638917
2013-07-18,000657.SZ,35.02,36.202,34.414,35.202,2399532.0,0.086,35.128,3.029,1.666,1.666,1,交易,21.129651860744296,21.02040816326531,69725.46056837334,0.970333130766256,0.9506104635103034,0.997897846713255
2013-07-19,000657.SZ,35.323,35.656,33.596,33.687,2267772.0,-4.303,34.635,3.029,1.574,1.574,1,交易,21.40216010165184,22.441550190597205,67501.25014882725,0.9713652681175678,0.9422257123625757,1.0281414195386944
2013-07-22,000657.SZ,33.293,33.839,32.445,33.718,2662055.0,0.09,33.071,3.029,1.848,1.848,1,交易,18.245670995670995,18.015692640692638,82048.23547541995,0.9773042938621117,0.9588049292236769,0.9808114360282341
2013-07-23,000657.SZ,33.93,35.414,33.415,35.414,2299802.0,5.031,35.133,3.029,1.597,1.597,1,交易,22.175328741390107,21.246086412022542,68825.43767768967,0.9920652849155701,0.9435533969616535,0.9920652849155701
2013-07-24,000657.SZ,35.444,36.565,35.293,36.111,3776615.0,1.967,35.876,3.029,2.622,2.622,1,交易,13.772311212814644,13.517925247902367,107007.48023687417,0.9811568439764803,0.9652126350335021,0.9934922876685774
2013-07-25,000657.SZ,36.232,36.353,35.141,35.263,2018095.0,-2.349,35.554,3.029,1.401,1.401,1,交易,25.169878658101354,25.861527480371162,57428.50231922825,0.9780210711633153,0.9666602481225758,1.0082522757564587
2013-07-26,000657.SZ,35.414,35.444,34.445,35.384,1633489.0,0.344,34.902,3.029,1.134,1.134,1,交易,31.202821869488538,31.229276895943567,47423.10930468863,0.9847082722040401,0.9718146936011737,0.9863780239656342
2013-07-29,000657.SZ,34.808,37.141,34.566,36.262,3619846.0,2.483,36.445,3.029,2.513,2.513,1,交易,14.429765220851573,13.851173895742141,104722.73332176126,0.9812606014916131,0.9306696104035972,1.0050466052617064
2013-07-30,000657.SZ,35.929,37.868,35.929,37.565,3750856.0,3.592,37.345,3.029,2.604,2.604,1,交易,14.425883256528417,13.797619047619047,104396.33722062958,0.9861888665892046,0.9487958170486954,0.9941434846266471
2013-07-31,000657.SZ,38.171,38.777,36.414,36.838,2546311.0,-1.935,37.241,3.029,1.768,1.768,1,交易,20.835972850678733,21.589932126696834,69926.7040149393,0.9603888903215824,0.939061814993424,1.0109397904337911
2013-08-01,000657.SZ,36.959,37.414,36.626,37.05,2099840.0,0.576,36.968,3.029,1.458,1.458,1,交易,25.411522633744855,25.34910836762689,57331.9499808879,0.9880793285935746,0.9789383653177953,0.9977867746288801
2013-08-02,000657.SZ,37.171,38.474,37.171,38.474,3211093.0,3.843,37.933,3.029,2.229,2.229,1,交易,17.260655002243155,16.676087931807984,86387.04904360927,0.9859385559078859,0.966132972916775,0.9859385559078859
2013-08-05,000657.SZ,38.868,39.14,38.322,38.777,2557016.0,0.787,38.656,3.029,1.775,1.775,1,交易,21.846197183098592,21.897464788732396,66724.49245863994,0.9876341338783853,0.9791006642820644,0.99687959357351
2013-08-06,000657.SZ,38.474,39.08,37.989,38.777,2288820.0,0.0,38.55,3.029,1.589,1.589,1,交易,24.40339836375079,24.21271239773442,60249.54592118772,0.9864380757420675,0.9720829068577277,0.9941460143899733
2013-08-07,000657.SZ,38.474,38.777,37.201,37.565,2923886.0,-3.125,37.703,3.029,2.03,2.03,1,交易,18.504926108374384,18.95270935960591,78596.97319964517,0.972303169404544,0.9593573510070402,1.0036736323705577
2013-08-15,000657.SZ,39.443,39.443,39.443,39.443,151720.0,5.0,39.443,3.029,0.105,0.105,1,交易,375.64761904761906,375.64761904761906,3846.563395279264,1.0,1.0,1.0
2013-08-16,000657.SZ,41.412,41.412,37.474,37.474,10752165.0,-4.992,39.53,3.029,7.464,7.464,1,交易,5.020632368703107,5.548231511254019,286923.3335112345,0.9545542354872985,0.9049067903023278,1.0548647061962961
2013-08-19,000657.SZ,36.081,37.111,35.99,36.384,4502130.0,-2.91,36.364,3.029,3.125,3.125,1,交易,11.64288,11.54592,125093.91497638232,0.9798711972191534,0.9697933227344994,0.9994503078276165
2013-08-20,000657.SZ,36.414,36.505,35.02,35.141,3826819.9999999995,-3.414,35.513,3.029,2.657,2.657,1,交易,13.22581859239744,13.704930372600678,109275.27127355794,0.9728256403232433,0.9593206410080811,1.0105859252724738
2013-08-21,000657.SZ,35.293,35.959,35.111,35.687,2431238.0,1.552,35.397,3.029,1.688,1.688,1,交易,21.141587677725116,20.908175355450236,69244.33938082083,0.9843710892961427,0.9764175866959591,0.9918737915767647
2013-08-22,000657.SZ,35.687,35.778,35.202,35.202,1896865.0000000002,-1.358,35.444,3.029,1.317,1.317,1,交易,26.72892938496583,27.09719058466211,53885.14857110392,0.9906646542568059,0.9839007211135334,1.0068746093971934
2013-08-23,000657.SZ,35.323,35.747,34.293,34.717,2794771.0,-1.377,35.06,3.029,1.94,1.94,1,交易,17.89536082474227,18.20773195876289,81496.83608899776,0.9807816040506896,0.9593252580636137,1.0098798859348448
2013-08-26,000657.SZ,34.536,35.778,34.263,35.596,1812993.9999999998,2.531,35.177,3.029,1.259,1.259,1,交易,28.27323272438443,27.431294678316128,52914.04722295187,0.9832019676896417,0.9576555425121583,0.9882290144960109
2013-08-27,000657.SZ,35.444,36.262,35.202,36.171,2450631.0,1.617,35.92,3.029,1.701,1.701,1,交易,21.264550264550262,20.837154614932395,69616.24339526164,0.9905686393469748,0.9707682973912084,0.993060739266263
2013-08-28,000657.SZ,35.808,37.111,35.293,36.717,3361365.0,1.508,36.308,3.029,2.333,2.333,1,交易,15.738105443634803,15.348478354050577,95241.69098688125,0.9783622106653015,0.9510118293767347,0.988860745703625
2013-08-29,000657.SZ,36.565,37.05,36.081,36.414,2225583.0,-0.825,36.495,3.029,1.545,1.545,1,交易,23.568932038834955,23.666666666666668,61682.963332501866,0.9850202429149798,0.973846153846154,1.0022244191794363
2013-08-30,000657.SZ,36.656,36.656,35.747,36.05,2713332.0,-0.998,36.049,3.029,1.884,1.884,1,交易,19.134819532908704,19.45647558386412,75903.76814837608,0.9834406372762986,0.9752018769096464,0.9999722607489598
2013-09-02,000657.SZ,35.747,37.262,35.293,36.929,3044240.0,2.437,36.594,3.029,2.113,2.113,1,交易,17.477046852815903,16.917652626597256,86256.19811294024,0.9820728892705706,0.947157962535559,0.9909285385469414
2013-09-03,000657.SZ,36.808,37.262,36.444,36.747,2009641.9999999998,-0.492,36.686,3.029,1.395,1.395,1,交易,26.341935483870966,26.385663082437276,55143.288332784534,0.9845418925446836,0.9780473404540819,0.9983400005442621
2013-09-04,000657.SZ,36.535,37.323,36.535,37.05,2073953.0,0.824,36.878,3.029,1.44,1.44,1,交易,25.729166666666664,25.371527777777775,56766.19679759136,0.9880770570425743,0.9788870133697719,0.9953576248313091
2013-09-05,000657.SZ,36.959,37.02,36.535,36.868,1652200.0,-0.491,36.648,3.029,1.147,1.147,1,交易,32.14298169136879,32.222319093286835,45222.38948953059,0.9899513776337115,0.9868989735278226,0.9940327655419334
2013-09-06,000657.SZ,36.899,37.414,36.535,37.171,2156603.0,0.822,36.902,3.029,1.497,1.497,1,交易,24.830327321309284,24.648630594522377,59028.41111263173,0.986315283049126,0.9765061207034799,0.992763175593877
2013-09-09,000657.SZ,38.474,38.928,36.989,37.111,4591697.0,-0.163,37.629,3.029,3.188,3.188,1,交易,11.640840652446673,12.068381430363862,124136.82446132635,0.9666307028360049,0.9501900945334978,1.0139581256231307
2013-09-10,000657.SZ,37.02,37.414,35.959,36.232,4097564.0,-2.367,36.383,3.029,2.845,2.845,1,交易,12.735325131810193,13.012302284710017,113950.99974971495,0.9724434703586893,0.9611108141337468,1.0041675866637227
2013-09-11,000657.SZ,36.353,36.626,35.596,36.171,2937011.0,-0.167,36.041,3.029,2.039,2.039,1,交易,17.739578224619912,17.828837665522315,82509.57972805934,0.9840277398569323,0.9718779009446841,0.996405960576152
2013-09-12,000657.SZ,36.05,36.05,35.535,35.566,2030425.9999999998,-1.675,35.798,3.029,1.41,1.41,1,交易,25.224113475177308,25.56737588652482,57138.76459828338,0.9930097087378642,0.9857142857142857,1.0065230838441208
2013-09-13,000657.SZ,35.596,36.171,35.414,35.838,1737007.0,0.767,35.807,3.029,1.206,1.206,1,交易,29.716417910447763,29.515754560530677,49048.5966002146,0.9899366896132261,0.9790716319703631,0.9991349963725654
2013-09-16,000657.SZ,35.808,36.323,35.687,35.899,1313359.0,0.169,35.918,3.029,0.912,0.912,1,交易,39.362938596491226,39.26315789473684,36802.168857006756,0.9888500399196102,0.9824904330589433,1.0005292626535558
2013-09-17,000657.SZ,35.899,35.929,34.899,34.929,1811115.0000000002,-2.7,35.423,3.029,1.257,1.257,1,交易,27.787589498806685,28.55926809864758,51895.89959597697,0.9859166689860558,0.9713323499123271,1.0141429757508087
2013-09-18,000657.SZ,34.929,35.475,34.929,35.293,1053660.0,1.041,35.261,3.029,0.731,0.731,1,交易,48.280437756497946,47.782489740082084,30165.76483724126,0.9939675828047921,0.9846088794926005,0.9990933046213131
2013-09-23,000657.SZ,35.202,35.99,35.202,35.687,1586060.0,1.116,35.689,3.029,1.101,1.101,1,交易,32.41326067211626,31.972752043596728,45055.962729390376,0.9916365657126979,0.9781050291747707,1.000056042816712
2013-09-24,000657.SZ,35.687,35.899,35.323,35.444,1261668.0,-0.679,35.563,3.029,0.876,0.876,1,交易,40.461187214611876,40.73858447488584,35718.03074484047,0.9906404078108025,0.9839549848185186,1.0033574088703308
2013-09-25,000657.SZ,35.444,36.202,35.293,35.475,1703584.9999999998,0.085,35.707,3.029,1.183,1.183,1,交易,29.987320371935756,29.961115807269653,48269.77020938996,0.9863267222805371,0.9748908900060771,1.006539816772375
2013-09-26,000657.SZ,35.384,35.566,34.96,34.96,1517040.0,-1.452,35.23,3.029,1.053,1.053,1,交易,33.200379867046536,33.60303893637227,43393.592677345536,0.9905527751223077,0.9829612551313052,1.0077231121281462
2013-09-27,000657.SZ,34.929,35.384,34.566,34.717,1283806.0,-0.693,34.876,3.029,0.891,0.891,1,交易,38.96408529741863,39.2020202020202,37140.716310825665,0.9856432285778882,0.9768822066470721,1.0045798888152777
2013-09-30,000657.SZ,35.081,36.02,34.566,36.02,2263247.0,3.752,35.322,3.029,1.571,1.571,1,交易,22.928071292170596,22.330362826225336,65476.10368570271,0.9806218767351471,0.9596335369239312,0.9806218767351471
2013-10-08,000657.SZ,36.141,36.202,35.778,36.081,1815343.0,0.168,35.958,3.029,1.26,1.26,1,交易,28.63571428571429,28.68333333333333,50739.08547151881,0.9932600408817193,0.9882879398928236,0.9965910035752888
2013-10-09,000657.SZ,35.778,36.05,35.626,35.868,1772452.0,-0.588,35.81,3.029,1.23,1.23,1,交易,29.1609756097561,29.08780487804878,49751.64205917027,0.9933425797503469,0.988238557558946,0.9983829597412736
2013-10-10,000657.SZ,35.838,35.99,35.141,35.263,1680557.0,-1.689,35.395,3.029,1.167,1.167,1,交易,30.216795201371035,30.709511568123393,47823.254887453404,0.9834676298971937,0.9764101139205333,1.003743300343136
2013-10-11,000657.SZ,35.535,35.687,34.99,35.232,1786252.0,-0.086,35.253,3.029,1.24,1.24,1,交易,28.412903225806453,28.657258064516128,51050.357244927116,0.987838708773503,0.9804690783758793,1.0005960490463215
2013-10-14,000657.SZ,35.263,35.293,33.96,34.142,2757418.0,-3.095,34.409,3.029,1.914,1.914,1,交易,17.838035527690703,18.423719958202717,81196.05418138987,0.9749525401637719,0.9622304706315701,1.0078202800070293
2013-10-15,000657.SZ,34.021,34.445,33.808,33.96,1936264.0,-0.532,34.052,3.029,1.344,1.344,1,交易,25.267857142857142,25.313244047619047,57272.361571225745,0.9885905066047321,0.9815067498911307,1.0027090694935217
2013-10-16,000657.SZ,34.142,34.172,32.415,32.627,2254354.0,-3.925,32.983,3.029,1.565,1.565,1,交易,20.84792332268371,21.81597444089457,69546.62964676847,0.9652054313473019,0.9485836357251551,1.0109112085082905
2013-10-17,000657.SZ,32.445,34.263,31.839,34.263,2820809.0,5.014,33.553,3.029,1.958,1.958,1,交易,17.498978549540347,16.57048008171604,88596.03002606866,0.9792779383007909,0.9292531301987567,0.9792779383007909
2013-10-18,000657.SZ,34.384,34.899,34.081,34.626,1903715.0000000002,1.061,34.574,3.029,1.322,1.322,1,交易,26.192133131618757,26.009077155824507,55858.54288313136,0.9906874122467692,0.9765609329780224,0.998498238318027
2013-10-21,000657.SZ,34.536,34.536,33.96,34.202,1262421.0,-1.225,34.208,3.029,0.876,0.876,1,交易,39.04337899543379,39.42465753424658,37173.76325088339,0.9905026638869584,0.9833217512161223,1.0001754283375242
2013-10-22,000657.SZ,33.96,34.233,33.324,33.748,1891471.0,-1.329,33.605,3.029,1.313,1.313,1,交易,25.7029702970297,25.864432597105868,56760.022806385794,0.981655128092776,0.9734466742616773,0.9957627118644068
2013-10-23,000657.SZ,33.687,34.142,33.021,33.324,1315432.0,-1.257,33.566,3.029,0.913,0.913,1,交易,36.49945235487404,36.897042716319824,39836.22543230066,0.9831292835803409,0.9671665397457676,1.0072620333693436
2013-10-24,000657.SZ,33.324,33.596,32.839,33.263,879366.0,-0.182,33.3,3.029,0.61,0.61,1,交易,54.52950819672131,54.62950819672131,26778.099211303634,0.9911894273127754,0.9774675556613883,1.0011123470522802
2013-10-25,000657.SZ,33.172,33.93,33.051,33.475,1535597.0,0.638,33.465,3.029,1.066,1.066,1,交易,31.402439024390244,31.118198874296432,46461.4383831049,0.9862953138815209,0.9740937223695845,0.9997012696041823
2013-10-28,000657.SZ,33.081,33.506,32.657,32.718,1394896.0,-2.262,32.992,3.029,0.968,0.968,1,交易,33.799586776859506,34.174586776859506,42713.537679517416,0.9846594639766011,0.9746612547006506,1.0083745950241456
2013-10-29,000657.SZ,32.688,33.657,31.294,33.657,2468937.0,2.87,32.472,3.029,1.714,1.714,1,交易,19.636522753792296,19.07117852975496,78894.89998082699,0.9647918709332384,0.9297917223757317,0.9647918709332384
2013-10-30,000657.SZ,33.778,34.626,33.415,34.626,2412284.0,2.88,34.02,3.029,1.675,1.675,1,交易,20.672238805970146,20.16597014925373,72191.65045638186,0.9824987003985446,0.9650262808294345,0.9824987003985446
2013-10-31,000657.SZ,34.626,34.626,33.899,34.233,911365.0,-1.137,34.135,3.029,0.633,0.633,1,交易,54.08056872037914,54.70142180094786,26884.71636331455,0.9858199041182926,0.9790042164847226,0.99713726521193
2013-11-01,000657.SZ,33.93,34.414,33.627,34.263,1117266.0,0.088,34.039,3.029,0.776,0.776,1,交易,44.15335051546391,43.72422680412371,33225.26541172272,0.9891032719242169,0.9771314000116232,0.9934623354639116
2013-11-04,000657.SZ,34.263,34.536,33.93,34.111,488103.0,-0.442,34.166,3.029,0.339,0.339,1,交易,100.62241887905603,101.07079646017698,14385.587975243148,0.9892865415798007,0.9824530924252953,1.001612383102225
2013-11-05,000657.SZ,33.93,34.384,33.778,34.323,925093.0,0.622,34.106,3.029,0.642,0.642,1,交易,53.46261682242991,52.850467289719624,27387.441529989934,0.9919148441135412,0.9823755234993019,0.9936777088249862
2013-11-06,000657.SZ,34.323,34.445,34.021,34.021,592746.0,-0.883,34.171,3.029,0.411,0.411,1,交易,82.77615571776157,83.5109489051095,17422.94465183269,0.9920452895921034,0.987690521120627,1.0044090414743834
2013-11-07,000657.SZ,33.96,35.293,33.96,34.687,1735379.0,1.959,34.775,3.029,1.205,1.205,1,交易,28.78589211618257,28.182572614107883,51100.67726737338,0.9853228685575043,0.9622304706315701,1.0025369735059244
2013-11-08,000657.SZ,34.687,34.808,33.99,34.626,1548334.0,-0.175,34.434,3.029,1.075,1.075,1,交易,32.21023255813953,32.266976744186046,45552.63312739041,0.9892553435991726,0.9764996552516664,0.9944550337896378
2013-11-11,000657.SZ,34.414,34.596,33.687,33.99,931381.0,-1.837,33.92,3.029,0.647,0.647,1,交易,52.53477588871716,53.190108191653785,27648.083830557785,0.9804601688056425,0.9737252861602498,0.9979405707561048
2013-11-12,000657.SZ,33.93,34.263,33.808,34.233,831684.0,0.713,34.116,3.029,0.577,0.577,1,交易,59.32928942807626,58.80415944540728,24600.212967345007,0.995709657648192,0.9867203689110703,0.9965822452019981
2013-11-13,000657.SZ,33.93,34.687,33.93,34.263,950436.0,0.088,34.261,3.029,0.66,0.66,1,交易,51.91363636363636,51.40909090909091,28011.671087533156,0.9877187418917751,0.978176262000173,0.9999416279952136
2013-11-14,000657.SZ,34.536,35.172,34.293,35.02,1652057.0,2.21,34.859,3.029,1.147,1.147,1,交易,30.53182214472537,30.109851787271143,48174.7586971102,0.991100875696577,0.9750085295121119,0.9954026270702455
2013-11-15,000657.SZ,35.02,36.656,34.838,36.656,3709379.0,4.671,35.997,3.029,2.575,2.575,1,交易,14.235339805825241,13.6,106475.08467765084,0.9820220427760803,0.950403753819293,0.9820220427760803
2013-11-18,000657.SZ,36.596,36.868,35.929,36.565,2619442.0,-0.248,36.382,3.029,1.818,1.818,1,交易,20.11276127612761,20.129812981298127,72906.06473879039,0.9868178366062709,0.974530758381252,0.9949952140024614
2013-11-19,000657.SZ,38.383,38.383,36.686,37.262,9889850.0,1.906,37.741,3.029,6.866,6.866,1,交易,5.427031750655404,5.590300029129042,269581.03908848064,0.9832738451918818,0.9557877185212202,1.0128549192206537
2013-11-20,000657.SZ,37.747,39.019,37.414,38.444,4703053.0,3.171,38.293,3.029,3.265,3.265,1,交易,11.77457886676876,11.561102603369065,125703.02560538835,0.9813936800020503,0.9588661933929625,0.9960722089272708
2013-11-21,000657.SZ,38.413,38.413,37.595,38.141,3289847.0,-0.788,38.0,3.029,2.284,2.284,1,交易,16.699211908931698,16.81830122591944,87507.56749567762,0.9892484315205791,0.9787051258688465,0.9963031907920611
2013-11-25,000657.SZ,38.141,38.171,36.02,36.02,8838340.0,-5.56,36.944,3.029,6.136,6.136,1,交易,5.870273794002608,6.215938722294654,245373.12604108825,0.9678551780147233,0.9436483194047839,1.0256524153248194
2013-11-26,000657.SZ,34.99,36.081,34.838,35.475,3737929.0,-1.514,35.346,3.029,2.595,2.595,0,交易,13.670520231213873,13.483622350674374,107294.59211206154,0.9796291677059946,0.9655497353177572,0.9963636363636362
2013-11-27,000657.SZ,35.475,35.899,34.99,35.535,3224187.0,0.171,35.444,3.029,2.238,2.238,0,交易,15.878016085790883,15.851206434316355,92145.95598742497,0.9873255522437951,0.9746789604167247,0.9974391445054174
2013-11-28,000657.SZ,35.656,38.11,35.141,36.989,6038292.0,4.092,36.999,3.029,4.192,4.192,0,交易,8.823711832061068,8.505725190839694,171830.39754133348,0.9708475465757019,0.922093938598793,1.0002703506447865
2013-11-29,000657.SZ,36.747,37.08,35.656,36.838,4819761.0,-0.41,36.359,3.029,3.346,3.346,0,交易,11.009563658099223,10.982367005379558,135173.91182409693,0.9805555555555556,0.961596548004315,0.9869971225365113
2013-12-02,000657.SZ,35.747,36.808,34.929,35.778,2862007.0,-2.878,35.882,3.029,1.987,1.987,0,交易,18.00603925515853,17.990437845998994,81937.84534341091,0.9748424255596609,0.9489513149315367,1.0029068142433897
2013-12-03,000657.SZ,35.687,36.596,34.778,36.353,3060471.0,1.609,35.822,3.029,2.125,2.125,0,交易,17.107294117647058,16.793882352941175,88000.20127666916,0.9788501475571102,0.9503224396108865,0.9853932275190493
2013-12-04,000657.SZ,36.141,37.414,35.99,36.838,3996196.0,1.333,36.835,3.029,2.774,2.774,0,交易,13.279740447007931,13.02847873107426,111036.28785773825,0.9845245095418828,0.9619393809803817,0.9999185623540909
2013-12-05,000657.SZ,36.353,37.141,36.05,36.262,2124913.0,-1.563,36.603,3.029,1.475,1.475,0,交易,24.584406779661016,24.646101694915252,58943.495145631074,0.9855146603484021,0.9706254543496405,1.0094037835750924
2013-12-06,000657.SZ,36.05,36.262,35.444,35.747,1412685.0,-1.42,35.731,3.029,0.981,0.981,0,交易,36.43934760448522,36.74821610601427,39856.81638641236,0.9853565716176714,0.9774419502509515,0.999552409992447
2013-12-09,000657.SZ,35.747,36.323,35.444,35.929,1348105.0,0.508,35.746,3.029,0.936,0.936,0,交易,38.38568376068376,38.19123931623931,38034.78727005981,0.9841147482311483,0.9758004570107095,0.9949066213921901
2013-12-10,000657.SZ,35.929,36.717,35.626,36.444,1984490.0000000002,1.433,36.204,3.029,1.378,1.378,0,交易,26.44702467343977,26.073294629898406,55703.418851400675,0.9860282702835199,0.970286243429474,0.9934145538360223
2013-12-11,000657.SZ,36.535,36.596,35.747,36.05,1267761.0,-1.081,36.153,3.029,0.88,0.88,0,交易,40.965909090909086,41.51704545454545,35464.822222843875,0.9878948518963822,0.9768007432506286,1.002857142857143
2013-12-12,000657.SZ,35.838,36.414,35.596,35.778,1370030.0,-0.756,36.041,3.029,0.951,0.951,0,交易,37.62145110410095,37.684542586750794,38488.313293628504,0.9897566869885208,0.9775361124842092,1.0073508860193414
2013-12-13,000657.SZ,35.778,35.959,35.384,35.747,1140333.0,-0.085,35.68,3.029,0.792,0.792,0,交易,45.13510101010101,45.17424242424242,32227.362649785213,0.9922411635473734,0.9840095664506798,0.9981257168433715
2013-12-16,000657.SZ,35.353,35.687,34.354,34.687,1393435.0,-2.966,34.972,3.029,0.967,0.967,0,交易,35.87073422957601,36.55946225439504,40561.0700355126,0.9799646930254715,0.9626474626614734,1.008216334649869
2013-12-17,000657.SZ,34.657,34.808,33.96,34.142,752160.0,-1.572,34.27,3.029,0.522,0.522,0,交易,65.40613026819923,66.3927203065134,22148.40989399293,0.9845437830383821,0.9756377844173754,1.0037490480932576
2013-12-18,000657.SZ,34.172,35.353,34.172,34.566,937781.0,1.242,34.699,3.029,0.651,0.651,0,交易,53.09677419354839,52.49155145929339,27442.965000585278,0.9815008627273498,0.9665940655672784,1.003847711624139
2013-12-19,000657.SZ,34.233,35.596,34.233,35.051,1404169.0,1.402,34.903,3.029,0.975,0.975,0,交易,35.94974358974359,35.11076923076923,41017.99433295359,0.9805315203955501,0.9617091808068322,0.9957775812387663
2013-12-20,000657.SZ,35.051,35.535,34.475,35.535,1734186.0,1.383,34.774,3.029,1.204,1.204,0,交易,29.5141196013289,29.11212624584718,50302.7121102248,0.9785844941606867,0.9701702546784862,0.9785844941606867
2013-12-23,000657.SZ,35.444,35.444,34.869,35.384,872716.0,-0.426,35.161,3.029,0.606,0.606,0,交易,58.38943894389439,58.488448844884495,25028.420660185264,0.9920155738629951,0.9837772260467215,0.9936977164820258
2013-12-24,000657.SZ,35.051,36.05,34.96,35.778,1511770.0,1.113,35.719,3.029,1.049,1.049,0,交易,34.1067683508103,33.4137273593899,43242.84897025172,0.9908183079056867,0.9697642163661582,0.9983509419196155
2013-12-25,000657.SZ,35.747,35.838,35.414,35.687,706432.0,-0.254,35.617,3.029,0.49,0.49,0,交易,72.83061224489795,72.9530612244898,19947.817247416275,0.9938333612366761,0.9881689826441208,0.9980385014150811
2013-12-26,000657.SZ,35.596,35.747,34.233,34.748,1296791.0,-2.632,34.866,3.029,0.9,0.9,0,交易,38.608888888888885,39.551111111111105,37881.31335261298,0.9753545752091084,0.9576467955352896,1.003395878899505
2013-12-27,000657.SZ,34.626,35.717,34.293,35.717,1581550.0,2.79,34.993,3.029,1.098,1.098,0,交易,32.529143897996356,31.535519125683056,46118.74143411192,0.9797295405549179,0.9601310300417168,0.9797295405549179
2013-12-30,000657.SZ,35.747,36.626,35.263,36.474,3406983.0,2.12,35.942,3.029,2.365,2.365,0,交易,15.42241014799154,15.115010570824523,96616.36843150045,0.9813247419865669,0.9627859990170917,0.985414267697538
2013-12-31,000657.SZ,36.353,36.717,35.929,36.626,2763552.0,0.415,36.38,3.029,1.918,1.918,0,交易,19.095933263816477,18.95359749739312,76917.03081076567,0.9908216902252364,0.9785385516245881,0.9932834598372742
2014-01-02,000657.SZ,36.111,36.384,35.717,35.747,1546323.0,-2.399,35.965,3.029,1.073,1.073,0,交易,33.31500465983225,33.654240447343895,43293.75367472072,0.9884839489885665,0.9816677660510114,1.0060984138529108
2014-01-03,000657.SZ,35.596,36.02,35.323,35.353,897216.0,-1.102,35.596,3.029,0.623,0.623,0,交易,56.74638844301766,57.13643659711075,25400.334059960933,0.9882287617990003,0.9806496390893947,1.0068735326563516
2014-01-06,000657.SZ,34.596,35.384,34.566,34.748,1372077.0,-1.714,34.868,3.029,0.952,0.952,0,交易,36.5,36.34033613445378,39694.41069258809,0.9854171376893511,0.9768822066470721,1.0034534361689882
2014-01-07,000657.SZ,34.687,35.02,34.323,34.323,1008150.0,-1.221,34.677,3.029,0.7,0.7,0,交易,49.03285714285715,49.55285714285714,29372.43247967835,0.9902055968018274,0.9800970873786407,1.0103137837601608
2014-01-08,000657.SZ,34.384,35.111,33.99,34.263,2438542.0,-0.177,34.703,3.029,1.693,1.693,0,交易,20.238038984051975,20.309509746012996,71742.92438952632,0.9883797100623738,0.9680726837743159,1.012841841053031
2014-01-09,000657.SZ,34.505,34.626,33.081,33.081,1262339.0,-3.448,33.829,3.029,0.876,0.876,0,交易,37.76369863013699,39.3892694063927,38159.03388652096,0.976982614220528,0.9553803500259922,1.0226111665306368
2014-01-10,000657.SZ,32.718,33.021,31.355,31.627,1277828.0,-4.396,32.186,3.029,0.887,0.887,0,交易,35.65614430665163,36.88613303269448,40753.56402487642,0.9747130613851791,0.9495472578056389,1.017674771555949
2014-01-13,000657.SZ,31.567,32.506,31.567,31.9,718709.0,0.862,31.856,3.029,0.499,0.499,0,交易,63.92785571142284,63.26052104208417,22767.732125320745,0.9800036916261614,0.9711130252876392,0.9986206896551725
2014-01-14,000657.SZ,31.567,31.991,31.476,31.93,525666.0,0.095,31.737,3.029,0.365,0.365,0,交易,87.47945205479452,86.48493150684932,16700.533739992377,0.9920602669500796,0.9839017223594135,0.9939555277168807
2014-01-15,000657.SZ,31.809,32.354,31.536,31.809,609840.0,-0.38,31.713,3.029,0.423,0.423,0,交易,75.1985815602837,75.1985815602837,19337.899543378993,0.9801879211225815,0.9747171910737468,0.9969819862303122
2014-01-16,000657.SZ,31.809,32.809,31.506,32.294,934499.0,1.524,32.139,3.029,0.649,0.649,0,交易,49.75963020030816,49.01232665639445,29660.98520916651,0.9795787741168583,0.9602852875735317,0.9952003468136498
2014-01-17,000657.SZ,32.142,32.506,31.415,31.718,686349.0,-1.782,31.841,3.029,0.476,0.476,0,交易,66.6344537815126,67.52521008403362,21847.811554989654,0.9795422383559959,0.9664369654832954,1.0038779242070748
2014-01-20,000657.SZ,31.718,31.718,30.294,31.052,941240.0,-2.101,30.998,3.029,0.653,0.653,0,交易,47.55283307810107,48.57274119448698,31070.17891331617,0.9772999558610254,0.9551043571473611,0.9982609815792864
2014-01-21,000657.SZ,31.112,31.446,30.84,31.173,833173.0,0.39,31.177,3.029,0.578,0.578,0,交易,53.932525951557096,53.826989619377166,27015.985732814526,0.9914456528652292,0.9807288685365387,1.0001283161710455
2014-01-22,000657.SZ,31.294,32.051,31.021,31.779,633907.0,1.944,31.692,3.029,0.44,0.44,0,交易,72.225,71.12272727272727,20434.76999451984,0.9887991014320926,0.9678637172007113,0.9972623430567356
2014-01-23,000657.SZ,31.567,32.112,31.506,31.9,1019294.0,0.381,31.916,3.029,0.708,0.708,0,交易,45.056497175141246,44.5861581920904,32352.377324953977,0.9938963627304434,0.9811285500747383,1.0005015673981192
2014-01-24,000657.SZ,31.9,32.809,31.748,32.809,1841434.9999999998,2.849,32.361,3.029,1.278,1.278,0,交易,25.672143974960875,24.96087636932707,58001.606400403165,0.9863452101557499,0.9676613124447562,0.9863452101557499
2014-01-27,000657.SZ,32.839,32.839,31.809,31.87,1389100.0,-2.862,32.19,3.029,0.964,0.964,0,交易,33.060165975103736,34.065352697095435,43670.03049451413,0.9802369134261092,0.9686348548981395,1.0100407907122686
2014-01-28,000657.SZ,31.718,32.657,31.718,32.112,2347754.0,0.76,32.029,3.029,1.63,1.63,0,交易,19.70061349693252,19.458895705521474,74019.61031590895,0.980769819640506,0.9712465933796737,0.9974152964623817
2014-01-29,000657.SZ,32.476,32.476,31.748,31.839,604711.0,-0.849,32.018,3.029,0.42,0.42,0,交易,75.80714285714285,77.32380952380953,19047.215572634497,0.9858972779899002,0.9775834462372214,1.0056220358679608
2014-01-30,000657.SZ,32.082,32.082,30.9,30.9,942137.9999999999,-2.95,31.685,3.029,0.654,0.654,0,交易,47.24770642201835,49.055045871559635,30489.902912621357,0.9876254597593666,0.9631569104170562,1.0254045307443367
2014-02-07,000657.SZ,30.567,31.627,30.567,31.567,795584.0,2.157,31.167,3.029,0.552,0.552,0,交易,57.18659420289855,55.37499999999999,26027.546046389896,0.9854554652670188,0.9664843330066083,0.9873285392973675
2014-02-10,000657.SZ,31.567,32.718,31.264,32.627,1717390.0000000002,3.359,32.254,3.029,1.192,1.192,0,交易,27.371644295302016,26.482382550335572,54931.87052200615,0.985818204046702,0.9555596307842776,0.9885677506359762
2014-02-11,000657.SZ,32.354,33.142,32.354,32.93,1860420.0,0.929,32.847,3.029,1.292,1.292,0,交易,25.487616099071207,25.041795665634673,57502.009025159176,0.9910989077303722,0.976223523022147,0.997479501973884
2014-02-12,000657.SZ,32.96,33.112,32.657,32.839,1000989.0,-0.276,32.81,3.029,0.695,0.695,0,交易,47.250359712230214,47.42446043165468,30651.590776862544,0.9908794394781348,0.9862587581541433,0.9991169036815982
2014-02-13,000657.SZ,32.96,34.202,32.748,33.566,2507733.0,2.214,33.367,3.029,1.741,1.741,0,交易,19.27972429638139,18.93164847788627,76576.67643825577,0.9755862230278931,0.9574878662066546,0.9940713817553475
2014-02-14,000657.SZ,33.293,34.384,33.203,33.869,2057100.0,0.903,33.85,3.029,1.428,1.428,0,交易,23.71778711484594,23.314425770308123,61955.245007981204,0.9844695207073058,0.9656526291298279,0.9994390150284922
2014-02-17,000657.SZ,34.081,34.233,33.445,33.808,2169935.0,-0.179,33.698,3.029,1.506,1.506,0,交易,22.448871181938912,22.63014608233732,64880.69965615189,0.9843718049834955,0.9769812753775597,0.9967463322290582
2014-02-18,000657.SZ,33.687,33.718,33.081,33.172,1678630.0,-1.882,33.414,3.029,1.165,1.165,0,交易,28.473819742489265,28.915879828326176,50743.02469695595,0.9909840441307313,0.9811080135239338,1.0072953092969976
2014-02-19,000657.SZ,33.293,34.021,33.112,33.718,2370729.0,1.644,33.731,3.029,1.646,1.646,0,交易,20.48481166464156,20.226609963547997,71597.27591205605,0.9914758531495254,0.9732812086652363,1.0003855507444095
2014-02-20,000657.SZ,33.869,34.233,33.354,33.718,1413137.0,0.0,33.782,3.029,0.981,0.981,0,交易,34.3710499490316,34.5249745158002,42367.84193799844,0.986825577658984,0.9743230216457804,1.0018980959724775
2014-02-21,000657.SZ,33.506,33.869,33.324,33.445,721816.0,-0.809,33.603,3.029,0.501,0.501,0,交易,66.7564870259481,66.87824351297405,21660.544952586726,0.9921462103988898,0.983908588975169,1.004724174017043
2014-02-24,000657.SZ,33.354,33.354,32.415,32.657,932184.0,-2.355,32.688,3.029,0.647,0.647,0,交易,50.47449768160741,51.55177743431221,28757.797316057382,0.9800323799244469,0.9718474545781616,1.0009492604954529
2014-02-25,000657.SZ,32.748,33.112,31.718,31.779,793444.0,-2.69,32.411,3.029,0.551,0.551,0,交易,57.675136116152444,59.43375680580761,25015.57475250646,0.9788294273979222,0.9579004590480792,1.0198873469901508
2014-02-26,000657.SZ,31.718,34.202,31.264,32.688,1056882.0,2.86,32.595,3.029,0.734,0.734,0,交易,44.53405994550409,43.212534059945504,33805.07932446264,0.9530144435997895,0.9140985907256886,0.997154919236417
2014-02-27,000657.SZ,32.385,32.9,31.355,31.991,893839.0,-2.132,32.094,3.029,0.621,0.621,0,交易,51.51529790660226,52.149758454106276,28507.064264072716,0.975501519756839,0.9530395136778116,1.0032196555281174
2014-02-28,000657.SZ,31.597,32.233,31.446,31.9,630443.0,-0.284,31.745,3.029,0.438,0.438,0,交易,72.8310502283105,72.1392694063927,20048.432233034408,0.9848602364036858,0.9755840287903702,0.995141065830721
2014-03-03,000657.SZ,32.173,32.233,31.688,32.021,754852.0,0.38,31.946,3.029,0.524,0.524,0,交易,61.108778625954194,61.398854961832065,23821.383489017924,0.9910960816554464,0.983091862377067,0.9976577870772306
2014-03-04,000657.SZ,32.021,33.081,31.506,32.506,1389667.0,1.514,32.373,3.029,0.965,0.965,0,交易,33.68497409326425,33.182383419689124,44108.01117247508,0.9785979867597713,0.9523895891901695,0.9959084476711991
2014-03-05,000657.SZ,32.173,32.506,31.809,31.961,840386.0,-1.678,32.125,3.029,0.583,0.583,0,交易,54.82161234991424,55.18524871355061,26419.75541513408,0.9882790869377961,0.978557804712976,1.0051312537154657
2014-03-06,000657.SZ,31.809,32.173,31.597,31.718,747190.0,-0.758,31.9,3.029,0.519,0.519,0,交易,61.11368015414258,61.28901734104046,23647.49818020698,0.9915146240636558,0.982096789233208,1.0057380667129074
2014-03-07,000657.SZ,31.9,33.021,31.748,32.203,2016997.0,1.528,32.409,3.029,1.4,1.4,0,交易,23.00214285714286,22.785714285714285,63531.46654907396,0.9814663396020713,0.9614487750219557,1.0063969195416576
2014-03-10,000657.SZ,31.809,33.475,31.203,32.869,2918935.0,2.07,32.861,3.029,2.026,2.026,0,交易,16.22359328726555,15.70039486673248,93546.61410761786,0.9816579536967885,0.9321284540702016,0.9997566095713285
2014-03-11,000657.SZ,32.536,33.536,32.142,33.324,2248975.0,1.382,32.915,3.029,1.561,1.561,0,交易,21.34785393978219,20.84304932735426,69969.97697716382,0.9814825858778625,0.9584327290076337,0.9877265634377626
2014-03-12,000657.SZ,33.354,34.081,32.839,33.687,2834842.0,1.091,33.498,3.029,1.968,1.968,0,交易,17.117378048780488,16.948170731707318,86325.46667072688,0.9828936944338487,0.9635574073530705,0.9943895271172856
2014-03-13,000657.SZ,33.869,34.99,33.324,33.354,3954662.9999999995,-0.989,34.168,3.029,2.745,2.745,0,交易,12.150819672131147,12.338433515482695,118673.11847317248,0.9765075735924549,0.9523863961131751,1.0244048689812317
2014-03-14,000657.SZ,33.324,33.808,32.688,32.93,2589799.0,-1.272,32.959,3.029,1.798,1.798,0,交易,18.314794215795327,18.533926585094548,79227.82060695055,0.974887600567913,0.9668717463322292,1.0008806559368357
2014-03-17,000657.SZ,33.021,33.384,32.718,33.263,2060916.0,1.012,32.994,3.029,1.431,1.431,0,交易,23.244584206848355,23.07547169811321,62990.28057949752,0.9883177570093458,0.9800503235082675,0.9919129362955837
2014-03-18,000657.SZ,33.051,33.475,32.869,33.263,1817112.0,0.0,33.141,3.029,1.261,1.261,0,交易,26.378271213322762,26.210150674068203,55283.45857799142,0.9900224047796863,0.9818969380134428,0.9963322610708595
2014-03-19,000657.SZ,33.233,33.324,32.718,33.112,1294027.0,-0.455,32.962,3.029,0.898,0.898,0,交易,36.87305122494432,37.007795100222715,39550.919982884036,0.9891369583483377,0.981814908174289,0.9954699202705968
2014-03-20,000657.SZ,33.021,35.141,32.869,34.202,3659698.0000000005,3.294,34.122,3.029,2.541,2.541,0,交易,13.460055096418733,12.995277449822906,111341.93312847974,0.9710025326541647,0.9353461768304829,0.9976609554996785
2014-03-21,000657.SZ,33.657,34.869,33.657,34.596,3246145.0,1.151,34.47,3.029,2.253,2.253,0,交易,15.355525965379492,14.938748335552594,96447.84145942895,0.9885571711262152,0.9652413318420372,0.9963579604578565
2014-03-24,000657.SZ,34.293,35.778,34.293,35.172,3428858.0,1.664,35.214,3.029,2.38,2.38,0,交易,14.7781512605042,14.408823529411766,99987.11107223049,0.9842361227570015,0.9584940466208285,1.001194131695667
2014-03-25,000657.SZ,35.626,35.626,34.142,34.384,3620933.9999999995,-2.239,34.662,3.029,2.514,2.514,0,交易,13.677008750994432,14.171042163882259,106055.12272274615,0.9729411104249706,0.9583450289114693,1.0080851558864588
2014-03-26,000657.SZ,34.233,34.717,34.081,34.414,981012.9999999999,0.088,34.374,3.029,0.681,0.681,0,交易,50.53450807635829,50.26872246696034,28784.748100114426,0.9901201140651555,0.9816804447388888,0.9988376823385832
2014-03-27,000657.SZ,34.414,34.445,33.899,34.111,1311723.0,-0.88,34.116,3.029,0.911,0.911,0,交易,37.44346871569703,37.776070252469815,38695.035251777335,0.9904485411525621,0.9841486427638264,1.0001465802820206
2014-03-28,000657.SZ,34.111,34.657,33.93,34.354,1542212.0,0.71,34.181,3.029,1.071,1.071,0,交易,32.0765639589169,31.849673202614376,45452.75567344533,0.9862654009291053,0.979022996797184,0.9949641963090178
2014-03-31,000657.SZ,34.414,34.899,33.99,34.323,1850400.9999999998,-0.088,34.547,3.029,1.285,1.285,0,交易,26.710505836575877,26.781322957198448,54439.57046190055,0.9899137511103469,0.9739534084071177,1.0065262360516272
2014-04-01,000657.SZ,34.717,34.717,33.324,34.021,3214402.0,-0.883,33.877,3.029,2.231,2.231,0,交易,15.249215598386375,15.561183325862842,96459.06853919098,0.9758043609758908,0.9598755652850188,0.9957673201845919
2014-04-02,000657.SZ,33.869,34.202,33.596,33.657,1139629.0,-1.069,33.778,3.029,0.791,0.791,0,交易,42.54993678887484,42.81795195954488,33921.56804381475,0.9876030641482955,0.9822817379100637,1.0035950916599816
2014-04-03,000657.SZ,33.839,33.839,33.324,33.566,847168.0,-0.27,33.467,3.029,0.588,0.588,0,交易,57.08503401360545,57.54931972789116,25422.158204297204,0.9890067673394604,0.9847808741393067,0.9970505869034141
2014-04-04,000657.SZ,33.596,34.202,33.354,34.202,1286002.0,1.895,33.93,3.029,0.893,0.893,0,交易,38.30011198208286,37.62150055991041,38556.15518378605,0.9920472486989066,0.9752061282965909,0.9920472486989066
2014-04-08,000657.SZ,33.96,34.687,33.899,34.687,2285793.0,1.417,34.396,3.029,1.587,1.587,0,交易,21.856962822936357,21.398865784499055,67429.5111950205,0.9916106898838183,0.9772825554242224,0.9916106898838183
2014-04-09,000657.SZ,34.717,34.748,34.475,34.687,1006637.0000000001,0.0,34.627,3.029,0.699,0.699,0,交易,49.62374821173104,49.66666666666667,29199.042784626545,0.9965177851962704,0.992143432715552,0.9982702453368698
2014-04-10,000657.SZ,34.687,35.353,34.566,34.869,1928371.0,0.524,35.016,3.029,1.339,1.339,0,交易,26.041075429424943,25.905153099327855,55788.08655904646,0.9904675699374875,0.9777388057590587,1.0042157790587627
2014-04-11,000657.SZ,34.899,35.263,34.626,34.899,1619622.0,0.087,34.953,3.029,1.124,1.124,0,交易,31.048932384341636,31.048932384341636,46774.73574770404,0.9912089158608174,0.9819357400107761,1.0015473222728446
2014-04-14,000657.SZ,34.808,35.081,34.778,34.99,865784.0,0.26,34.908,3.029,0.601,0.601,0,交易,58.219633943427624,57.91680532445923,24894.588532980622,0.9950685556284028,0.991362845985006,0.9976564732780794
2014-04-15,000657.SZ,33.536,34.687,33.536,33.899,2531259.0,-3.117,34.071,3.029,1.757,1.757,0,交易,19.293682413204326,19.087080250426865,75478.85854007633,0.9822411854585291,0.9668175397122842,1.0050738959851322
2014-04-16,000657.SZ,33.839,33.96,33.384,33.657,1507008.0,-0.715,33.707,3.029,1.046,1.046,0,交易,32.17686424474187,32.35086042065009,45141.62473040978,0.9925500588928151,0.9830388692579505,1.0014855750661082
2014-04-17,000657.SZ,33.536,33.808,33.536,33.657,612117.0,0.0,33.662,3.029,0.425,0.425,0,交易,79.19294117647058,78.90823529411765,18252.534589694656,0.9956814955040227,0.9919545669663985,1.000148557506611
2014-04-18,000657.SZ,33.687,34.051,33.506,33.96,496099.0,0.9,33.834,3.029,0.344,0.344,0,交易,98.72093023255815,97.92732558139535,14806.27350325315,0.9936272062494494,0.9839945963407829,0.9962897526501767
2014-04-21,000657.SZ,33.687,33.869,33.172,33.324,1084200.0,-1.873,33.506,3.029,0.753,0.753,0,交易,44.254980079681275,44.73705179282868,32684.191486796095,0.9892822344917181,0.979420709203106,1.0054615292281839
2014-04-22,000657.SZ,33.263,33.687,32.415,33.324,1039125.0,0.0,33.089,3.029,0.721,0.721,0,交易,46.21914008321775,46.13453536754508,32056.918093475244,0.9822483450589249,0.9622406269480809,0.9929480254471252
2014-04-23,000657.SZ,33.596,33.596,33.021,33.324,687499.0,0.0,33.261,3.029,0.477,0.477,0,交易,69.86163522012579,70.43186582809224,20820.0539050907,0.9900285748303371,0.9828848672461008,0.9981094706517827
2014-04-24,000657.SZ,33.293,33.354,32.809,32.809,580813.0,-1.545,33.018,3.029,0.403,0.403,0,交易,81.41191066997517,82.61290322580645,17702.85592367948,0.9899262457276489,0.9836601307189542,1.0063702032978756
2014-04-25,000657.SZ,32.93,32.96,32.173,32.657,612350.0,-0.462,32.679,3.029,0.425,0.425,0,交易,76.83999999999999,77.48235294117647,19033.04012681441,0.9914745145631069,0.976122572815534,1.0006736687387086
2014-04-28,000657.SZ,32.566,32.566,31.627,32.415,747085.0,-0.742,32.068,3.029,0.519,0.519,0,交易,62.45664739884393,62.747591522158,23621.747241281184,0.9847079776453969,0.9711662470060799,0.9892950794385315
2014-04-29,000657.SZ,32.051,32.718,31.839,32.354,909312.0000000001,-0.187,32.322,3.029,0.631,0.631,0,交易,51.27416798732171,50.79397781299525,28559.690945067374,0.9878965706950302,0.973134054648817,0.9990109414600977
2014-04-30,000657.SZ,32.263,32.627,31.809,32.597,383792.0,0.749,32.362,3.029,0.266,0.266,0,交易,122.54511278195488,121.2894736842105,12065.516048916972,0.9918778925429859,0.9749287400006129,0.9927907476148112
2014-05-05,000657.SZ,32.778,32.778,32.112,32.688,502121.0,0.279,32.42,3.029,0.349,0.349,0,交易,93.66189111747852,93.91977077363897,15636.553313403088,0.9890780401488805,0.9796814936847886,0.991801272638277
2014-05-06,000657.SZ,32.688,32.778,32.203,32.506,464374.0,-0.556,32.599,3.029,0.322,0.322,0,交易,100.95031055900621,101.51552795031057,14420.20929727044,0.9945390200744401,0.9824577460491795,1.002861010275026
2014-05-07,000657.SZ,31.9,32.566,31.9,32.051,964885.0,-1.398,32.043,3.029,0.67,0.67,0,交易,47.83731343283582,47.611940298507456,30247.17868338558,0.983940305840447,0.9795492231161332,0.9997503978035006
2014-05-08,000657.SZ,31.839,32.445,31.839,32.051,436575.0,0.0,32.272,3.029,0.303,0.303,0,交易,105.7788778877888,105.07920792079207,13711.95703382644,0.9946678995222684,0.9813222376329171,1.006895260678294
2014-05-09,000657.SZ,32.354,33.112,31.961,32.385,551684.0,1.04,32.642,3.029,0.383,0.383,0,交易,84.55613577023497,84.47519582245431,17261.16204123776,0.9858057501812032,0.9652391882097124,1.0079357727342908
2014-05-12,000657.SZ,32.657,33.93,32.385,33.778,1761999.0000000002,4.303,33.562,3.029,1.223,1.223,0,交易,27.618969746524936,26.702371218315612,54407.87401574804,0.9891541408782788,0.9544650751547302,0.9936053052282551
2014-05-13,000657.SZ,33.596,34.111,33.081,33.657,1089105.0,-0.359,33.564,3.029,0.756,0.756,0,交易,44.519841269841265,44.439153439153436,32922.372358755776,0.9839641171469615,0.9698044619037849,0.997236830377039
2014-05-14,000657.SZ,33.657,33.869,33.142,33.506,811650.0,-0.45,33.392,3.029,0.563,0.563,0,交易,59.51332149200711,59.78152753108348,24490.073019129803,0.985916324662671,0.97853494345862,0.9965976243060946
2014-05-15,000657.SZ,33.384,33.384,32.597,32.627,563100.0,-2.622,32.899,3.029,0.391,0.391,0,交易,83.44501278772378,85.38107416879795,17274.595821701383,0.9854720824346993,0.976425832734244,1.0083366536917278
2014-05-16,000657.SZ,32.415,33.687,32.294,33.475,829395.0000000001,2.6,33.091,3.029,0.576,0.576,0,交易,58.11631944444445,56.27604166666667,25682.634545116747,0.9823077151423398,0.9586487369014753,0.9885287528005975
2014-05-19,000657.SZ,33.324,33.99,32.96,33.839,1062371.0,1.086,33.649,3.029,0.737,0.737,0,交易,45.91451831750339,45.2157394843962,32232.12985436893,0.989967637540453,0.9696969696969696,0.9943851768669287
2014-05-20,000657.SZ,33.839,33.93,33.354,33.475,434701.0,-1.074,33.594,3.029,0.302,0.302,0,交易,110.84437086092716,112.04966887417218,13032.949571265815,0.9900972590627763,0.9830238726790451,1.0035548917102315
2014-05-21,000657.SZ,33.324,34.111,33.051,33.869,990491.0,1.176,33.887,3.029,0.688,0.688,0,交易,49.22819767441861,48.43604651162791,29968.563734834042,0.9934332033654834,0.9689249802116621,1.0005314594466916
2014-05-22,000657.SZ,33.869,34.021,33.445,33.748,880891.0,-0.358,33.709,3.029,0.612,0.612,0,交易,55.1437908496732,55.341503267973856,26338.49603827179,0.9908291937332825,0.9830692807383674,0.9988443759630202
2014-05-23,000657.SZ,33.869,33.899,33.354,33.899,429630.0,0.449,33.804,3.029,0.298,0.298,0,交易,113.75503355704699,113.65436241610739,12880.913833423278,0.9971975574500723,0.9839228295819935,0.9971975574500723
2014-05-26,000657.SZ,33.93,34.051,33.596,33.778,677375.0,-0.357,33.816,3.029,0.47,0.47,0,交易,71.86808510638298,72.19148936170212,20162.37052030004,0.9930985874129982,0.9866376905230388,1.001124992598733
2014-05-27,000657.SZ,33.839,33.839,33.354,33.506,547402.0,-0.807,33.588,3.029,0.38,0.38,0,交易,88.17368421052632,89.05,16411.884631528454,0.9925825231242059,0.985667425160318,1.0024473228675461
2014-05-28,000657.SZ,33.415,33.748,33.112,33.384,747488.0,-0.362,33.371,3.029,0.519,0.519,0,交易,64.32369942196532,64.38342967244701,22574.534911814448,0.9888289676425271,0.9811544387815575,0.9996105919003115
2014-05-29,000657.SZ,33.415,33.536,32.597,33.051,895567.0,-0.998,33.02,3.029,0.622,0.622,0,交易,53.136655948553056,53.72186495176849,27473.90864189956,0.9846135496183207,0.9720002385496184,0.9990620556110255
2014-05-30,000657.SZ,33.051,33.536,32.809,33.384,471285.00000000006,1.008,33.142,3.029,0.327,0.327,0,交易,102.09174311926606,101.07339449541284,14364.503642293275,0.98825143129771,0.9783218034351144,0.9927510184519531
2014-06-03,000657.SZ,33.384,33.748,32.718,33.021,655202.0,-1.089,33.067,3.029,0.455,0.455,0,交易,72.57362637362637,73.37142857142857,20025.735069380768,0.979821026431196,0.9694796728695035,1.0013930529057267
2014-06-04,000657.SZ,33.021,33.142,32.718,32.748,422222.99999999994,-0.826,32.806,3.029,0.293,0.293,0,交易,111.7679180887372,112.69965870307168,12904.914725838984,0.9898618067708645,0.9872065656870437,1.001771100525223
2014-06-05,000657.SZ,32.748,33.112,32.748,33.112,390497.0,1.11,32.956,3.029,0.271,0.271,0,交易,122.18450184501845,120.84132841328412,11924.300720654697,0.9952887170814206,0.9890070065233146,0.9952887170814206
2014-06-06,000657.SZ,32.9,33.627,32.809,33.142,920326.0,0.091,33.265,3.029,0.639,0.639,0,交易,51.86541471048513,51.4866979655712,28051.02258526624,0.9892348410503464,0.9756743093347606,1.0037113028785227
2014-06-09,000657.SZ,33.415,33.839,32.9,33.808,1372763.0,2.011,33.657,3.029,0.953,0.953,0,交易,35.475341028331584,35.06295907660021,41725.31914893617,0.9946215904725316,0.9722509530423475,0.9955336015144344
2014-06-10,000657.SZ,33.808,33.93,33.415,33.718,1009820.9999999999,-0.269,33.711,3.029,0.701,0.701,0,交易,48.09985734664765,48.22824536376605,30220.589555588806,0.9935455349248452,0.9848216917182434,0.9997923957530102
2014-06-11,000657.SZ,33.808,33.869,33.506,33.718,1693675.9999999998,0.0,33.65,3.029,1.176,1.176,0,交易,28.671768707482997,28.74829931972789,50548.43908553691,0.9935339100652514,0.9892822344917181,0.9979832730292424
2014-06-12,000657.SZ,33.869,33.93,33.445,33.506,1044532.0,-0.629,33.65,3.029,0.725,0.725,0,交易,46.215172413793105,46.71586206896552,31231.335027657347,0.9917477158856469,0.9857058650162098,1.0042977377186175
2014-06-13,000657.SZ,33.718,34.657,33.415,34.505,2363467.0,2.984,34.22,3.029,1.641,1.641,0,交易,21.02681291895186,20.54722730042657,70730.71973664522,0.9873907147185274,0.9641630839368671,0.9917403274887696
2014-06-16,000657.SZ,34.536,34.838,34.111,34.293,1745214.0,-0.615,34.433,3.029,1.212,1.212,0,交易,28.294554455445546,28.495049504950497,51162.79206121193,0.9883747631896205,0.9791319823181582,1.0040824658093488
2014-06-17,000657.SZ,34.293,34.99,33.718,34.111,1485931.0,-0.53,34.304,3.029,1.032,1.032,0,交易,33.053294573643406,33.229651162790695,44069.36947624414,0.9803943983995427,0.9636467562160618,1.00565799888599
2014-06-18,000657.SZ,34.233,34.687,33.596,34.626,2332615.0,1.51,34.07,3.029,1.619,1.619,0,交易,21.387276096355773,21.144533662754785,69431.33111084654,0.9822123562141437,0.9685472943754144,0.9839427020158263
2014-06-19,000657.SZ,34.626,38.08,33.808,37.05,11223921.0,6.999,37.187,3.029,7.792,7.792,0,交易,4.754876796714579,4.4437885010266935,331990.0911026976,0.9765493697478992,0.8878151260504202,1.003697705802969
2014-06-20,000657.SZ,36.02,38.656,35.838,37.05,8389619.0,0.0,37.179,3.029,5.824,5.824,0,交易,6.361607142857142,6.184752747252748,234098.4150901278,0.9617911837748345,0.9271005794701987,1.0034817813765184
2014-06-23,000657.SZ,37.323,37.959,36.081,37.02,6238715.0,-0.082,36.84,3.029,4.331,4.331,0,交易,8.547679519741399,8.617640267836526,172908.5945511488,0.9705208251007666,0.9505255670591954,0.9951377633711508
2014-06-24,000657.SZ,36.838,36.959,35.99,36.626,4808470.0,-1.064,36.523,3.029,3.338,3.338,0,交易,10.972438585979628,11.035949670461354,133605.72381217004,0.9882031440244595,0.9737817581644524,0.9971877900944686
2014-06-25,000657.SZ,36.414,36.444,35.475,35.808,3458667.0,-2.233,35.856,3.029,2.401,2.401,0,交易,14.913785922532279,15.166180758017495,97495.89852008456,0.9838656568982548,0.9734112611129404,1.0013404825737267
2014-06-26,000657.SZ,35.747,36.262,35.656,35.99,2831833.0,0.508,35.985,3.029,1.966,1.966,0,交易,18.30620549338759,18.18260427263479,79420.93897240296,0.9923611494126082,0.9832882907727096,0.9998610725201444
2014-06-27,000657.SZ,36.02,36.262,35.505,35.535,2775580.0,-1.263,35.902,3.029,1.927,1.927,0,交易,18.44058121432278,18.69226777374157,78174.34164202225,0.990072251944184,0.9791241520048536,1.0103278457858451
2014-06-30,000657.SZ,35.838,36.747,35.202,36.232,5629603.0,1.961,36.067,3.029,3.908,3.908,0,交易,9.27123848515865,9.170419651995907,159922.81688540426,0.9814950880343973,0.9579557514899175,0.9954460145727534
2014-07-01,000657.SZ,36.232,37.535,35.717,36.323,4193187.0000000005,0.251,36.63,3.029,2.911,2.911,0,交易,12.4778426657506,12.446581930608039,117400.31357616824,0.9758891701078994,0.9515652058079127,1.0084519450485918
2014-07-02,000657.SZ,36.323,37.111,36.05,36.899,3562389.0,1.585,36.607,3.029,2.473,2.473,0,交易,14.920744035584312,14.687828548321876,98818.00277392511,0.9864191210153325,0.9714100940421977,0.9920865064093878
2014-07-03,000657.SZ,36.899,37.535,36.505,36.777,3347094.0,-0.328,36.995,3.029,2.324,2.324,0,交易,15.82487091222031,15.877366609294322,91688.64539104232,0.9856134274676969,0.9725589449846811,1.005927617804606
2014-07-04,000657.SZ,36.777,36.777,36.262,36.505,2509942.0,-0.741,36.478,3.029,1.742,1.742,0,交易,20.955797933409876,21.111940298507463,69216.86614086371,0.9918699186991871,0.985996682709302,0.999260375291056
2014-07-07,000657.SZ,36.353,36.596,35.808,36.081,1716677.0,-1.162,36.117,3.029,1.192,1.192,0,交易,30.269295302013425,30.497483221476514,47941.15840035746,0.986911137829271,0.978467592086567,1.0009977550511349
2014-07-08,000657.SZ,36.081,36.444,36.081,36.353,1558282.0,0.756,36.291,3.029,1.082,1.082,0,交易,33.59796672828096,33.34658040665435,43188.43712757406,0.9958017780704641,0.9900395126769839,0.9982945011415838
2014-07-09,000657.SZ,36.353,37.111,36.05,36.111,3693314.0,-0.667,36.685,3.029,2.564,2.564,0,交易,14.083853354134163,14.17823712948518,102449.76421636617,0.9885209237153406,0.9714100940421977,1.015895433524411
2014-07-10,000657.SZ,35.929,37.02,35.475,36.626,2845951.0,1.426,36.317,3.029,1.976,1.976,0,交易,18.535425101214575,18.18269230769231,80224.12966878084,0.9810102647217719,0.9582658022690437,0.9915633702834054
2014-07-11,000657.SZ,36.353,36.959,35.99,36.626,2949922.0,0.0,36.66,3.029,2.048,2.048,0,交易,17.8837890625,17.75048828125,81965.04584606834,0.9919099542736544,0.9737817581644524,1.0009283022989133
2014-07-14,000657.SZ,36.626,37.565,36.141,37.383,4316944.0,2.068,37.024,3.029,2.997,2.997,0,交易,12.473473473473474,12.220887554220887,119447.27594698542,0.9855982962864369,0.9620923732197525,0.9903967043843458
2014-07-15,000657.SZ,36.868,37.201,36.05,36.505,3122289.0,-2.35,36.521,3.029,2.167,2.167,0,交易,16.845869866174436,17.013382556529766,86609.95839112345,0.9817209214806054,0.9690599715061422,1.0004382961238185
2014-07-16,000657.SZ,36.444,36.838,35.778,35.99,1838615.0000000002,-1.411,36.182,3.029,1.276,1.276,0,交易,28.205329153605017,28.56112852664577,51389.541058751194,0.9821923014278734,0.9712253651121124,1.0053348152264519
2014-07-17,000657.SZ,35.626,36.596,35.626,36.141,1129540.0,0.421,36.138,3.029,0.784,0.784,0,交易,46.098214285714285,45.44132653061224,31705.495986077585,0.9874849710350858,0.9734943709695049,0.9999169917821864
2014-07-18,000657.SZ,36.141,36.384,35.929,36.05,1228430.0,-0.251,36.181,3.029,0.853,0.853,0,交易,42.26260257913247,42.36928487690504,34190.486793398086,0.9944206244503078,0.9874945030782762,1.0036338418862691
2014-07-21,000657.SZ,35.808,36.05,34.566,34.899,2974507.0,-3.193,35.042,3.029,2.065,2.065,0,交易,16.900242130750605,17.34043583535109,86052.97112769773,0.9720388349514564,0.9588349514563108,1.0040975386114215
2014-07-22,000657.SZ,34.838,35.687,34.657,35.626,2321369.0,2.083,35.341,3.029,1.611,1.611,0,交易,22.11421477343265,21.62507759155804,66981.2447701763,0.9903045927088296,0.9711379493933365,0.9920002245551003
2014-07-23,000657.SZ,35.414,37.686,35.051,36.323,3853171.0,1.956,36.575,3.029,2.675,2.675,0,交易,13.578691588785048,13.238878504672899,109930.41568000913,0.9705195563339172,0.9300801358594704,1.0069377529389092
2014-07-24,000657.SZ,36.05,36.626,35.414,35.929,2440676.0,-1.084,35.818,3.029,1.694,1.694,0,交易,21.20956316410862,21.28099173553719,68918.39385553736,0.9779391688964124,0.9669087533446187,0.9969105736313283
2014-07-25,000657.SZ,35.778,37.414,35.778,36.929,3889211.0,2.782,36.889,3.029,2.7,2.7,0,交易,13.677407407407408,13.25111111111111,108703.98009950249,0.9859678195327952,0.9562730528679103,0.9989168404235155
2014-07-28,000657.SZ,36.959,40.625,36.808,40.625,16916242.0,10.008,39.958,3.029,11.743,11.743,0,交易,3.4595077918760113,3.14732180873712,459580.58030862856,0.9835815384615384,0.906043076923077,0.9835815384615384
2014-07-29,000657.SZ,41.231,41.503,39.898,40.716,12769180.0,0.224,40.658,3.029,8.864,8.864,0,交易,4.59341155234657,4.6515117328519855,320045.6163216201,0.9796400260222153,0.9613280967640894,0.9985754985754985
2014-07-30,000657.SZ,39.837,40.685,39.474,39.989,6980974.000000001,-1.786,40.028,3.029,4.846,4.846,0,交易,8.251960379694593,8.220594304581098,176849.9265339211,0.9838515423374707,0.9702347302445617,1.0009752681987547
2014-07-31,000657.SZ,39.837,40.504,39.564,40.261,5394267.0,0.682,40.067,3.029,3.745,3.745,0,交易,10.75060080106809,10.637383177570094,136342.81164695177,0.9892109421291725,0.976792415563895,0.995181441096843
2014-08-01,000657.SZ,40.291,41.655,39.11,39.564,7444489.999999999,-1.731,40.414,3.029,5.168,5.168,0,交易,7.655572755417956,7.796246130030959,190347.48146254153,0.9702076581442804,0.9389028928099867,1.0214841775351329
2014-08-04,000657.SZ,39.746,40.231,38.868,40.231,4326296.0,1.685,39.619,3.029,3.003,3.003,0,交易,13.396936396936397,13.235431235431236,111307.39940310795,0.9847878501652954,0.9661206532276105,0.9847878501652954
2014-08-05,000657.SZ,40.17,40.594,39.443,39.928,3758706.0,-0.753,40.079,3.029,2.609,2.609,0,交易,15.303947872748179,15.396703717899578,95294.62769059149,0.9873133960683845,0.9716460560673991,1.0037818072530555
2014-08-06,000657.SZ,39.686,40.352,39.171,40.079,4667810.0,0.379,39.733,3.029,3.24,3.24,0,交易,12.370061728395061,12.248765432098764,119164.94345306477,0.9846599920697859,0.9707325535289454,0.9913670500760996
2014-08-07,000657.SZ,40.079,40.17,39.231,39.352,3301890.0,-1.814,39.614,3.029,2.292,2.292,0,交易,17.169284467713787,17.48647469458988,84165.32843924448,0.9861588249937764,0.9766243465272592,1.0066578572880667
2014-08-08,000657.SZ,39.534,39.534,38.171,39.019,5166533.0,-0.847,38.752,3.029,3.587,3.587,0,交易,10.87789238918316,11.0214664064678,135352.30934479056,0.9802195578489402,0.9655233469924622,0.9931571798354649
2014-08-11,000657.SZ,39.019,39.686,38.777,39.443,3184040.0,1.087,39.388,3.029,2.21,2.21,0,交易,17.847511312217193,17.655656108597285,82111.56097686772,0.9924910547800231,0.9770951972987956,0.9986055827396496
2014-08-12,000657.SZ,39.443,40.261,39.322,40.049,3599921.0,1.536,39.941,3.029,2.499,2.499,0,交易,16.026010404161664,15.783513405362143,91549.7940084431,0.9920518616030402,0.976677181391421,0.9973033034532698
2014-08-13,000657.SZ,39.989,41.594,39.837,40.837,7080169.0,1.967,40.838,3.029,4.915,4.915,0,交易,8.308646998982706,8.13611393692777,177728.46850917488,0.9818243015819589,0.9577583305284416,1.000024487597032
2014-08-14,000657.SZ,40.352,41.291,39.625,39.716,4702026.0,-2.745,40.442,3.029,3.264,3.264,0,交易,12.167892156862747,12.362745098039216,118663.1167192429,0.9794386185851639,0.9596522244556926,1.0182797864840367
2014-08-15,000657.SZ,38.625,40.594,38.534,40.291,2928915.0,1.449,39.814,3.029,2.033,2.033,0,交易,19.81849483521889,18.999016232169208,76008.58981678518,0.9807853377346406,0.9492535842735379,0.9881611277952893
2014-08-18,000657.SZ,40.291,41.503,40.231,41.321,7160830.0,2.556,41.118,3.029,4.971,4.971,0,交易,8.312411989539328,8.105210219271775,177992.84134125424,0.9907235621521336,0.9693516131363998,0.9950872437743521
2014-08-19,000657.SZ,41.443,42.382,40.867,41.927,5460685.0,1.466,41.662,3.029,3.791,3.791,0,交易,11.05961487734107,10.931944078079662,133620.89216238042,0.9830116558916522,0.9642536926053513,0.9936794905430868
2014-08-20,000657.SZ,41.927,42.654,41.2,41.564,3768808.9999999995,-0.867,41.919,3.029,2.616,2.616,0,交易,15.888379204892965,16.027140672782874,91475.94660194173,0.9827683218455477,0.9659117550522811,1.008541045135213
2014-08-21,000657.SZ,41.412,45.29,41.412,44.109,7979639.999999999,6.122,43.202,3.029,5.539,5.539,0,交易,7.963350785340315,7.476439790575917,192689.07563025207,0.9538971075292559,0.9143740340030911,0.97943730304473
2014-08-22,000657.SZ,43.927,45.381,43.472,44.442,5303472.0,0.755,44.627,3.029,3.682,3.682,0,交易,12.07007061379685,11.930200977729495,121997.42362900257,0.9833851171194994,0.9579339371102444,1.0041627289500923
2014-08-25,000657.SZ,44.26,45.926,43.927,44.048,4346082.0,-0.886,44.71,3.029,3.017,3.017,0,交易,14.599933708982434,14.670202187603579,98938.73927197396,0.9735226233506075,0.9564734573008753,1.0150290592081366
2014-08-26,000657.SZ,43.927,44.048,42.473,42.654,4104417.0,-3.164,43.013,3.029,2.849,2.849,0,交易,14.971568971568972,15.418392418392417,96635.90987215408,0.9765029059208136,0.9642435524881946,1.0084165611665963
2014-08-27,000657.SZ,41.685,43.169,41.685,42.897,2525776.0,0.568,42.69,3.029,1.753,1.753,0,交易,24.47062179121506,23.779235596120937,60591.96353604414,0.9889040746832217,0.9656234798119022,0.9951744877264144
2014-08-28,000657.SZ,42.654,43.169,41.2,41.836,4296505.0,-2.472,41.861,3.029,2.983,2.983,0,交易,14.024807241032518,14.299027824337916,104284.10194174756,0.96970047951076,0.9543885658690265,1.0005975714695476
2014-08-29,000657.SZ,41.806,43.624,41.443,43.503,3900779.0,3.983,42.509,3.029,2.708,2.708,0,交易,16.064623338257014,15.437961595273263,94123.95338175325,0.9744406748578763,0.9500045846323124,0.9771510010803852
2014-09-01,000657.SZ,43.351,44.714,43.291,44.321,2413032.0,1.88,44.162,3.029,1.675,1.675,0,交易,26.460298507462685,25.881194029850747,55739.807350257564,0.987654873194078,0.9681755154985016,0.9964125358182352
2014-09-02,000657.SZ,44.412,45.381,43.927,45.108,3539789.0,1.777,44.729,3.029,2.457,2.457,0,交易,18.358974358974358,18.075702075702075,80583.44526145651,0.9856327537956413,0.9679601595381326,0.9915979427152612
2014-09-03,000657.SZ,45.139,45.442,44.533,44.927,2879397.0,-0.403,44.981,3.029,1.999,1.999,0,交易,22.47473736868434,22.5807903951976,64657.60222756158,0.9898552000352098,0.9799964790282119,1.0012019498297238
2014-09-04,000657.SZ,45.017,45.017,44.109,44.321,3559423.0000000005,-1.349,44.403,3.029,2.471,2.471,0,交易,17.936462970457303,18.218130311614733,80696.0710966016,0.9863607081769108,0.9798298420596663,1.001850138760407
2014-09-05,000657.SZ,44.23,45.108,44.23,44.896,3520335.0,1.299,44.722,3.029,2.444,2.444,0,交易,18.369885433715222,18.097381342062192,79591.56680985757,0.9914427595991843,0.9805356034406314,0.9961243763364219
2014-09-09,000657.SZ,45.169,45.351,44.381,44.563,2755192.0,-0.742,44.69,3.029,1.913,1.913,0,交易,23.29482488238369,23.611604809200205,62080.439827854265,0.9854247976891358,0.9786112764878393,1.0028498978973588
2014-09-10,000657.SZ,44.109,46.562,44.109,46.047,5491930.0,3.331,45.523,3.029,3.812,3.812,0,交易,12.079485834207764,11.571091290661071,124508.15026411843,0.9776856664232637,0.94731755508784,0.9886203227137491
2014-09-11,000657.SZ,46.017,46.199,45.078,45.775,3708044.9999999995,-0.592,45.647,3.029,2.574,2.574,0,交易,17.783605283605283,17.87762237762238,82258.41874084919,0.9880516894305071,0.9757354055282583,0.997203713817586
2014-09-12,000657.SZ,45.381,47.744,45.381,47.532,5095717.0,3.839,46.896,3.029,3.537,3.537,0,交易,13.438507209499575,12.830364715860899,112287.45510235561,0.9822386058981234,0.9505068699731903,0.9866195405200707
2014-09-15,000657.SZ,47.623,48.259,46.956,47.804,4433694.0,0.574,47.709,3.029,3.078,3.078,0,交易,15.530864197530866,15.472059779077323,94422.31024789164,0.988603162104478,0.9729998549493359,0.998012718600954
2014-09-16,000657.SZ,47.804,48.138,46.502,46.502,4776437.0,-2.725,47.007,3.029,3.316,3.316,0,交易,14.023522316043428,14.416164053075997,102714.65743408885,0.9765050479870373,0.9660143753375713,1.0108597479678292
2014-09-17,000657.SZ,46.502,47.229,45.896,46.502,2071289.0,0.0,46.421,3.029,1.438,1.438,0,交易,32.33796940194715,32.33796940194715,45130.05490674569,0.9828918672849308,0.9717758157064516,0.998258139434863
2014-09-18,000657.SZ,46.805,47.138,46.078,47.017,1992109.9999999998,1.107,46.421,3.029,1.383,1.383,0,交易,33.99638467100506,33.843094721619664,43233.43027041104,0.9847893419321991,0.9775128346556919,0.9873237339685644
2014-09-19,000657.SZ,46.896,47.986,46.472,47.714,3911982.0,1.482,47.491,3.029,2.716,2.716,0,交易,17.567746686303387,17.266568483063327,84179.33379239112,0.9896844913099655,0.9684491309965407,0.9953263193192774
2014-09-22,000657.SZ,47.714,47.865,46.259,46.259,2415610.0,-3.048,46.888,3.029,1.677,1.677,0,交易,27.58437686344663,28.45199761478831,52219.243822823664,0.9795884257808418,0.9664472996970647,1.0135973540284053
2014-09-23,000657.SZ,46.259,47.956,45.442,46.017,3293119.9999999995,-0.524,46.447,3.029,2.286,2.286,0,交易,20.129921259842522,20.23578302712161,72468.64134501122,0.9685336558511969,0.9475769455334055,1.0093443727318165
2014-09-24,000657.SZ,46.32,46.956,45.593,46.926,2961038.0,1.975,46.589,3.029,2.056,2.056,0,交易,22.823929961089494,22.52918287937743,64945.013488912766,0.9921841724167305,0.9709728256239885,0.9928184801602522
2014-09-25,000657.SZ,46.926,47.229,45.805,46.169,2168761.0,-1.614,46.502,3.029,1.506,1.506,0,交易,30.656706507304115,31.159362549800797,47347.69130007641,0.9846069152427535,0.9698490334328485,1.0072126318525418
2014-09-26,000657.SZ,46.078,46.926,45.987,46.047,2211726.0,-0.262,46.361,3.029,1.535,1.535,0,交易,29.998045602605863,30.01824104234528,48094.59194989888,0.987959766440779,0.9799897711290116,1.0068191195951963
2014-09-29,000657.SZ,45.744,46.32,45.744,46.169,2069302.0,0.263,46.061,3.029,1.437,1.437,0,交易,32.12874043145442,31.832985386221292,45236.57747464148,0.9944084628670121,0.9875647668393782,0.9976607680478243
2014-09-30,000657.SZ,45.744,47.108,45.744,46.684,2137568.0,1.115,46.676,3.029,1.484,1.484,0,交易,31.45822102425876,30.824797843665767,46728.92619797132,0.9908295830856756,0.9710452577056976,0.9998286350783996
2014-10-08,000657.SZ,46.805,47.229,45.805,46.593,3027777.0,-0.195,46.339,3.029,2.102,2.102,0,交易,22.166032350142725,22.266888677450048,66101.45180657133,0.9811556458955303,0.9698490334328485,0.9945485373339342
2014-10-09,000657.SZ,46.593,46.805,44.745,45.532,4802502.0,-2.276,45.475,3.029,3.334,3.334,0,交易,13.656868626274743,13.9751049790042,107330.47267851158,0.9715842324537977,0.9559876081615212,0.9987481331810596
2014-10-10,000657.SZ,45.381,45.987,44.896,45.987,2767162.0,0.998,45.546,3.029,1.921,1.921,0,交易,23.9390942217595,23.62363352420614,61634.93406985032,0.9904103333550786,0.976275904059843,0.9904103333550786
2014-10-13,000657.SZ,45.593,45.684,44.745,45.29,2072216.9999999998,-1.515,45.085,3.029,1.439,1.439,0,交易,31.47324530924253,31.683808200138987,46311.69963124371,0.9868881884248315,0.9794457578145521,0.9954736144844337
2014-10-14,000657.SZ,45.26,45.532,44.412,44.593,2169285.0,-1.538,44.845,3.029,1.506,1.506,0,交易,29.61022576361222,30.0531208499336,48844.56903539584,0.984911710445401,0.9754019151366072,1.0056511111609445
2014-10-15,000657.SZ,44.654,44.654,43.745,44.23,2175274.0,-0.815,44.028,3.029,1.51,1.51,0,交易,29.29139072847682,29.572185430463577,49726.23156932221,0.9859810991176601,0.9796434809871455,0.9954329640515488
2014-10-16,000657.SZ,43.957,44.987,43.927,44.23,1694461.0,0.0,44.44,3.029,1.176,1.176,0,交易,37.61054421768707,37.37840136054422,38574.47583490791,0.9878409318247493,0.9764376375397337,1.004747908659281
2014-10-17,000657.SZ,44.139,44.775,43.745,44.775,1813382.0,1.233,44.195,3.029,1.259,1.259,0,交易,35.563939634630664,35.05877680698968,41453.46896788204,0.9870463428252373,0.9769960915689558,0.9870463428252373
2014-10-20,000657.SZ,44.836,45.593,44.805,45.169,2076852.0,0.88,45.136,3.029,1.442,1.442,0,交易,31.32385575589459,31.092926490984745,46353.13023100101,0.9899765314850963,0.9827166450990282,0.9992694104363613
2014-10-21,000657.SZ,45.351,47.865,44.775,47.865,8402470.0,5.969,46.888,3.029,5.833,5.833,0,交易,8.205897479855992,7.774901422938453,187659.85482970407,0.9795884257808418,0.9354434346599811,0.9795884257808418
2014-10-22,000657.SZ,47.259,47.562,46.29,46.653,4298673.0,-2.532,46.874,3.029,2.984,2.984,0,交易,15.634383378016086,15.837466487935657,92863.96629941672,0.9855346705353014,0.9732559606408477,1.0047371015797484
2014-10-23,000657.SZ,46.472,46.896,45.987,46.805,2642714.0,0.325,46.445,3.029,1.835,1.835,0,交易,25.506811989100818,25.325340599455043,57466.544893121965,0.9903829750938247,0.9806166837256909,0.9923085140476445
2014-10-24,000657.SZ,46.653,47.229,44.533,44.927,2924017.0,-4.013,45.566,3.029,2.03,2.03,0,交易,22.131527093596063,22.98177339901478,65659.55583499877,0.9647885832856932,0.9429164284655615,1.0142230729850648
2014-10-27,000657.SZ,44.927,46.805,44.472,45.017,1508600.0,0.202,45.205,3.029,1.047,1.047,0,交易,42.99617956064948,42.91021967526266,33922.46806979673,0.965815617989531,0.950154897980985,1.0041762001021834
2014-10-28,000657.SZ,44.593,45.714,44.593,45.502,1340851.0,1.077,45.297,3.029,0.931,0.931,0,交易,48.87432867883996,47.89795918367347,30068.64306057004,0.9908780679879249,0.9754779717373234,0.9954947035295151
2014-10-30,000657.SZ,46.956,50.046,45.835,50.046,12156183.0,9.987,48.208,3.029,8.439,8.439,0,交易,5.930323498044792,5.564166370423036,265216.1666848478,0.9632737881149342,0.9158574111817128,0.9632737881149342
2014-10-31,000657.SZ,50.713,50.713,48.532,49.168,8173391.0,-1.755,49.426,3.029,5.674,5.674,0,交易,8.665491716602043,8.937786394078252,168412.40830792056,0.9746218918226096,0.9569932758858675,1.005247315327042
2014-11-03,000657.SZ,48.956,49.562,48.35,49.259,4256117.0,0.185,48.993,3.029,2.955,2.955,0,交易,16.669712351945854,16.567174280879865,88027.23888314374,0.9885194302086276,0.9755457810419274,0.9945999715787979
2014-11-04,000657.SZ,49.137,50.137,48.653,50.046,5015624.0,1.599,49.52,3.029,3.482,3.482,0,交易,14.372774267662262,14.111717403790925,103089.716975315,0.9876937192093664,0.9704011009833057,0.9894896695040564
2014-11-05,000657.SZ,49.986,51.44,49.107,49.471,4858313.0,-1.15,50.291,3.029,3.373,3.373,0,交易,14.666765490661131,14.819448562110878,98933.20707842059,0.977663297045101,0.9546461897356143,1.016575367386954
2014-11-06,000657.SZ,49.41,49.41,48.017,48.956,2825362.0,-1.041,48.694,3.029,1.961,1.961,0,交易,24.96481387047425,25.196328403875572,58840.86885894579,0.9855090062740337,0.9718073264521353,0.994648255576436
2014-11-07,000657.SZ,48.774,49.349,48.501,48.865,2288281.0,-0.186,48.976,3.029,1.589,1.589,0,交易,30.752045311516678,30.694776589049717,47180.07876126266,0.9924415894952279,0.9828162678068452,1.0022715645144786
2014-11-10,000657.SZ,48.622,49.501,47.865,48.865,3102165.0,0.0,48.548,3.029,2.154,2.154,0,交易,22.68570102135562,22.57288765088208,64810.71764337198,0.9807478636795217,0.9669501626229774,0.9935127391793718
2014-11-11,000657.SZ,49.319,49.319,47.259,47.623,2257024.0,-2.542,48.068,3.029,1.567,1.567,0,交易,30.39119336311423,31.473516273133377,47758.606826213,0.9746345221922584,0.9582311076866927,1.0093442244293724
2014-11-12,000657.SZ,47.017,48.017,46.593,47.471,2267657.0,-0.318,47.175,3.029,1.574,1.574,0,交易,30.15946632782719,29.871029224904703,48669.47824780546,0.9824645438074014,0.9703438365578858,0.9937646141855028
2014-11-13,000657.SZ,47.199,48.532,46.381,47.653,3110227.0,0.383,47.517,3.029,2.159,2.159,0,交易,22.07179249652617,21.861509958314034,67058.21349259395,0.9790859639001073,0.955678727437567,0.9971460348771327
2014-11-14,000657.SZ,47.592,48.138,46.774,47.32,1257968.0,-0.699,47.511,3.029,0.873,0.873,0,交易,54.20389461626575,54.51546391752577,26894.599563860265,0.9869749470272966,0.9716647970418381,1.0040363482671175
2014-11-17,000657.SZ,47.199,48.017,46.835,47.804,1249041.0,1.024,47.516,3.029,0.867,0.867,0,交易,55.13725490196079,54.43944636678201,26668.96551724138,0.9895661953058291,0.9753837182664472,0.9939753995481548
2014-11-18,000657.SZ,47.259,49.38,47.229,48.532,2970881.0,1.521,48.81,3.029,2.062,2.062,0,交易,23.536372453928227,22.919010669253154,62903.74558004616,0.988456865127582,0.9564398541919805,1.0057281793455866
2014-11-19,000657.SZ,48.501,49.864,48.168,49.047,2175082.0,1.061,49.032,3.029,1.51,1.51,0,交易,32.48145695364238,32.119867549668875,45156.16176714832,0.9833146157548532,0.9659874859618162,0.9996941708973026
2014-11-20,000657.SZ,49.047,49.652,47.623,47.835,1982999.0000000002,-2.471,48.651,3.029,1.377,1.377,0,交易,34.73856209150327,35.61873638344226,41639.52291959768,0.9798396842020463,0.9591355836622895,1.0170586390718095
2014-11-21,000657.SZ,48.289,48.35,47.289,47.835,2208683.0,0.0,47.812,3.029,1.533,1.533,0,交易,31.20352250489237,31.499673842139597,46706.06272071729,0.9888728024819027,0.9780558428128232,0.9995191805163582
2014-11-24,000657.SZ,48.138,48.592,47.532,47.895,3160932.0,0.127,47.999,3.029,2.194,2.194,0,交易,21.82999088422972,21.940747493163173,66501.1360767483,0.987796345077379,0.9781857095818242,1.002171416640568
2014-11-25,000657.SZ,47.926,49.077,47.108,48.865,3786989.0,2.024,48.003,3.029,2.629,2.629,0,交易,18.586915176873337,18.229745150247243,80389.50921287255,0.9781160217617214,0.9598793732298225,0.9823595620587332
2014-11-26,000657.SZ,49.077,49.289,48.41,48.713,2951575.0,-0.31,48.772,3.029,2.049,2.049,0,交易,23.774036115178138,23.951683748169838,60970.357364180956,0.9895108442045892,0.982166406297551,1.0012111756615276
2014-11-27,000657.SZ,48.683,48.713,48.047,48.229,2251567.0,-0.995,48.314,3.029,1.563,1.563,0,交易,30.85668586052463,31.14715291106846,46861.76035964785,0.9918091679839057,0.9863280849054666,1.0017624250969335
2014-11-28,000657.SZ,48.077,48.41,47.623,47.865,2303536.0,-0.754,47.971,3.029,1.599,1.599,0,交易,29.934333958724203,30.066916823014385,48370.24126997459,0.99093162569717,0.9837430282999381,1.002214561788363
2014-12-01,000657.SZ,47.562,48.047,46.956,47.653,1850232.0,-0.443,47.461,3.029,1.284,1.284,0,交易,37.112928348909655,37.04205607476635,39403.52670585229,0.9878036089662207,0.9772930672050285,0.9959708727677166
2014-12-02,000657.SZ,47.653,48.319,47.623,47.926,1644070.0,0.572,48.07,3.029,1.141,1.141,0,交易,42.00350569675723,41.764241893076246,34522.60462381622,0.9948467476562014,0.9855957283884186,1.0030046321412176
2014-12-03,000657.SZ,48.138,51.197,47.623,49.683,6723903.999999999,3.666,49.69,3.029,4.668,4.668,0,交易,10.64331619537275,10.312339331619537,141190.26520798772,0.970564681524308,0.9301912221419223,1.0001408932632891
2014-12-04,000657.SZ,49.41,51.046,49.319,51.016,7262757.000000001,2.683,50.334,3.029,5.042,5.042,0,交易,10.118207060690203,9.799682665608884,147260.8325391837,0.9860517964189164,0.9661677702464444,0.9866316449741258
2014-12-05,000657.SZ,51.137,51.47,47.017,48.107,6062405.0,-5.701,49.054,3.029,4.209,4.209,0,交易,11.429555713946307,12.14944167260632,128940.70229916838,0.9530600349718283,0.9134835826695163,1.0196852848857756
2014-12-08,000657.SZ,47.865,49.895,47.502,48.925,4830456.0,1.7,49.176,3.029,3.353,3.353,0,交易,14.591410677005666,14.275275872353117,101689.52886194264,0.9855897384507466,0.9520392824932358,1.00513030148186
2014-12-09,000657.SZ,48.774,49.774,47.502,47.865,4540865.0,-2.167,48.779,3.029,3.152,3.152,0,交易,15.185596446700508,15.473984771573603,95593.13292071912,0.9800096435890224,0.9543536786273958,1.0190953724015461
2014-12-10,000657.SZ,47.865,52.652,47.562,52.652,9592457.0,10.0,51.083,3.029,6.659,6.659,0,交易,7.906892926865896,7.18801621865145,201683.21348976073,0.9702005621818733,0.9033275089265365,0.9702005621818733
2014-12-11,000657.SZ,52.864,56.105,52.652,54.378,9507693.0,3.28,54.444,3.029,6.6,6.6,0,交易,8.23909090909091,8.00969696969697,180576.10347185293,0.9703947954727744,0.938454683183317,1.0012137261392475
2014-12-12,000657.SZ,55.348,56.65,52.47,53.924,5271205.0,-0.836,54.324,3.029,3.659,3.659,0,交易,14.737359934408309,15.126537305274665,100461.31122546217,0.9589408649602824,0.9262135922330097,1.0074178473407016
2014-12-15,000657.SZ,53.621,54.469,51.531,53.56,3375944.0,-0.674,53.326,3.029,2.344,2.344,0,交易,22.84982935153584,22.875853242320822,65512.87574469737,0.9790155868475646,0.9460610622555948,0.995631067961165
2014-12-16,000657.SZ,53.56,53.56,51.955,52.773,3986014.0,-1.471,52.578,3.029,2.767,2.767,0,交易,19.07228044813878,19.356704011564872,76720.50813203734,0.9816654219566842,0.9700336071695295,0.9963049286566994
2014-12-17,000657.SZ,52.773,53.015,51.167,51.622,3486705.0000000005,-2.181,51.953,3.029,2.42,2.42,0,交易,21.331404958677687,21.807024793388432,68143.62772880959,0.9799679336036972,0.9651419409601056,1.0064119948859014
2014-12-18,000657.SZ,51.834,53.106,51.197,51.47,4548194.0,-0.293,52.196,3.029,3.157,3.157,0,交易,16.30345264491606,16.418751979727592,88837.11936246265,0.9828644597597258,0.9640530260234249,1.0141053040606178
2014-12-19,000657.SZ,51.773,52.076,49.864,49.986,3194071.0,-2.884,50.443,3.029,2.217,2.217,0,交易,22.546684709066305,23.352728912945423,64055.65137173111,0.9686419847914586,0.9575236193256009,1.0091425599167767
2014-12-22,000657.SZ,49.834,50.894,47.865,49.137,4338674.0,-1.697,48.684,3.029,3.012,3.012,0,交易,16.31374501992032,16.54515272244356,90643.97785438212,0.9565764137226392,0.9404841435139702,0.9907808779534769
2014-12-23,000657.SZ,48.895,50.834,48.35,49.804,2600870.0,1.356,49.444,3.029,1.806,1.806,0,交易,27.576965669988926,27.073643410852714,53792.55429162358,0.9726560963134909,0.9511350670810874,0.9927716649265119
2014-12-24,000657.SZ,49.925,51.349,49.622,50.41,2663899.0,1.217,50.354,3.029,1.849,1.849,0,交易,27.26338561384532,27.001081665765277,53683.829752932164,0.9806227969385967,0.966367407349705,0.9988891093037097
2014-12-25,000657.SZ,50.804,50.834,49.743,50.167,2075672.0,-0.481,50.184,3.029,1.441,1.441,0,交易,34.814018043025676,35.256072172102705,41727.9215165953,0.9872132824487546,0.9785379863870638,1.0003388681802778
2014-12-26,000657.SZ,50.137,50.894,49.895,50.379,1884993.0,0.423,50.241,3.029,1.309,1.309,0,交易,38.48663101604278,38.30175706646295,37779.196312255735,0.9871694109325264,0.9803709671081071,0.997260763413327
2014-12-29,000657.SZ,50.41,50.894,49.228,49.986,1829016.0,-0.782,50.022,3.029,1.27,1.27,0,交易,39.359055118110234,39.69291338582677,37153.97741122938,0.9828663496679373,0.967265296498605,1.0007202016564638
2014-12-30,000657.SZ,49.834,52.106,49.592,50.682,3808678.0,1.394,51.062,3.029,2.644,2.644,0,交易,19.168683812405447,18.847957639939487,76800.25004032909,0.9799639197021456,0.9517521974436725,1.007497730949844
2014-12-31,000657.SZ,50.379,51.44,49.834,50.804,2930309.0,0.239,50.475,3.029,2.034,2.034,0,交易,24.97738446411013,24.768436578171094,58801.400650158525,0.9812402799377917,0.9687791601866254,0.9935241319581135
2015-01-05,000657.SZ,50.804,53.227,49.925,52.53,7179908.0,3.399,51.981,3.029,4.984,4.984,0,交易,10.53972712680578,10.193418940609952,143813.88082123187,0.9765908279632518,0.9379638153568678,0.9895488292404341
2015-01-06,000657.SZ,52.409,53.015,51.349,52.561,4512608.0,0.058,52.39,3.029,3.133,3.133,0,交易,16.7765719757421,16.728056176188957,87881.12718845547,0.9882108837121569,0.9685749316231255,0.9967466372405396
2015-01-07,000657.SZ,52.652,53.863,52.379,53.833,5145328.0,2.421,53.066,3.029,3.572,3.572,0,交易,15.070828667413213,14.74020156774916,98232.65048970007,0.9852032007129199,0.9724486196461393,0.9857522337599615
2015-01-08,000657.SZ,53.803,54.015,52.864,53.651,5178073.0,-0.338,53.428,3.029,3.595,3.595,0,交易,14.923783031988874,14.966063977746868,97950.83610774818,0.9891326483384244,0.9786911043228732,0.9958435071107714
2015-01-09,000657.SZ,54.166,55.166,53.56,54.106,9576132.0,0.847,54.366,3.029,6.648,6.648,0,交易,8.138688327316487,8.147713598074608,178792.6064227035,0.9854983141790233,0.9708878657143893,1.0048053820278713
2015-01-12,000657.SZ,52.803,53.318,51.622,53.076,4379005.0,-1.904,52.655,3.029,3.04,3.04,0,交易,17.45921052631579,17.36940789473684,84828.27089225524,0.987565174987809,0.9681908548707754,0.9920679779938202
2015-01-13,000657.SZ,52.349,52.561,50.379,50.804,3450993.0,-4.281,51.342,3.029,2.396,2.396,0,交易,21.20367278797997,21.848497495826376,68500.62526052522,0.9768078993930861,0.9584863301687563,1.0105897173450908
2015-01-14,000657.SZ,50.107,50.531,49.38,49.562,2929675.0,-2.445,49.758,3.029,2.034,2.034,0,交易,24.36676499508358,24.63470993117011,59329.181855002025,0.9847024598761157,0.9772219033860403,1.0039546426697874
2015-01-15,000657.SZ,49.41,50.319,48.895,49.986,2614131.0,0.856,49.501,3.029,1.815,1.815,0,交易,27.540495867768595,27.223140495867767,53464.17834134369,0.9837437150976768,0.9717005504878873,0.990297283239307
2015-01-16,000657.SZ,49.986,51.773,49.925,50.592,2677924.0,1.212,51.02,3.029,1.859,1.859,0,交易,27.21463152232383,26.888649811726733,53638.93840761142,0.9854557394781064,0.9643057191972648,1.0084598355471222
2015-01-19,000657.SZ,50.077,51.44,48.895,49.531,2288000.0,-2.096,49.763,3.029,1.588,1.588,0,交易,31.190806045340047,31.534634760705288,46794.1507311586,0.9673989113530327,0.9505248833592536,1.0046839353132382
2015-01-20,000657.SZ,49.743,51.137,49.44,50.47,1824700.9999999998,1.896,50.231,3.029,1.267,1.267,0,交易,39.83425414364641,39.26045777426993,36907.38268608414,0.9822828871462933,0.9668146351956508,0.9952645135724193
2015-01-21,000657.SZ,51.379,52.197,50.804,50.894,5993167.0,0.84,51.627,3.029,4.16,4.16,0,交易,12.234134615384615,12.350721153846154,117966.43965042122,0.9890798321742629,0.9733126424890319,1.014402483593351
2015-01-22,000657.SZ,50.894,52.015,50.682,51.682,5923991.0,1.548,51.425,3.029,4.112,4.112,0,交易,12.568579766536965,12.376945525291829,116885.50175604751,0.9886571181389983,0.9743727770835336,0.99502728222592
2015-01-23,000657.SZ,52.561,52.864,50.955,51.197,3805837.0000000005,-0.938,51.659,3.029,2.642,2.642,0,交易,19.378122634367905,19.89439818319455,74690.15798253362,0.9772056598062955,0.9638884685230025,1.0090239662480223
2015-01-26,000657.SZ,50.228,51.167,49.259,50.743,4951862.0,-0.888,50.201,3.029,3.438,3.438,0,交易,14.759453170447935,14.609656777196044,100527.05089425282,0.9811206441651845,0.9627103406492465,0.9893187237648542
2015-01-27,000657.SZ,50.622,50.743,49.986,50.198,2472296.0,-1.075,50.286,3.029,1.716,1.716,0,交易,29.252913752913752,29.5,49459.768735245874,0.9909938316615099,0.9850816861439016,1.0017530578907525
2015-01-28,000657.SZ,49.955,50.652,49.319,50.137,2519157.0,-0.121,49.977,3.029,1.749,1.749,0,交易,28.66609491137793,28.5620354488279,51078.833715201035,0.9866737739872068,0.9736831714443656,0.9968087440413267
2015-01-29,000657.SZ,50.198,50.44,49.168,49.289,2652600.0,-1.692,49.634,3.029,1.08,1.08,0,交易,45.63796296296296,46.47962962962963,53949.723397331596,0.9840206185567011,0.974781919111816,1.0069995333644424
2015-01-30,000657.SZ,49.289,49.743,47.411,48.41,6352579.0,-1.782,48.138,3.029,2.587,2.587,0,交易,18.712794742945494,19.052570545032857,133989.55938495285,0.9677341535492431,0.9531190318235732,0.9943813261722785
2015-02-02,000657.SZ,48.017,48.017,45.32,45.563,12992062.0,-5.882,46.067,3.029,5.291,5.291,0,交易,8.61141561141561,9.075222075222076,286673.91879964696,0.95938938292688,0.9438323926942541,1.0110616070056844
2015-02-03,000657.SZ,45.987,46.078,45.442,46.017,6068730.0,0.997,45.693,3.029,2.471,2.471,0,交易,18.62282476730069,18.61068393363011,133548.91950178248,0.9916446026303224,0.9861973175919093,0.9929591238020731
2015-02-04,000657.SZ,45.957,46.593,45.351,45.442,7185845.0,-1.251,45.936,3.029,2.926,2.926,0,交易,15.530416951469583,15.706425153793575,158449.5380476726,0.9858991694031292,0.973343635310025,1.0108710003961092
2015-02-05,000657.SZ,46.047,46.956,45.532,45.866,5419965.0,0.933,46.253,3.029,2.207,2.207,0,交易,20.782057091073856,20.864068871771636,119036.39198805236,0.9850285373541187,0.9696737371155975,1.008437622639864
2015-02-06,000657.SZ,45.442,45.744,44.533,44.745,2902100.0,-2.444,45.057,3.029,1.182,1.182,0,交易,37.85532994923858,38.44500846023689,65167.40394763434,0.9849816369359916,0.9735265827212313,1.0069728461280592
2015-02-09,000657.SZ,44.654,45.957,44.23,45.684,4176979.0,2.099,45.43,3.029,1.701,1.701,0,交易,26.857142857142854,26.25161669606114,94437.68935111916,0.9885327588833039,0.9624213939117,0.9944400665440855
2015-02-10,000657.SZ,45.684,46.017,45.29,45.654,3444493.0,-0.066,45.673,3.029,1.403,1.403,0,交易,32.540270848182466,32.56165359942979,76054.16206668138,0.9925245018145468,0.9842014907534171,1.0004161738292372
2015-02-11,000657.SZ,45.744,46.108,45.351,45.805,4059401.0,0.332,45.719,3.029,1.653,1.653,0,交易,27.710223835450694,27.673321234119783,89510.72743710173,0.991563286197623,0.9835820248113126,0.9981224757122585
2015-02-12,000657.SZ,45.805,46.865,45.502,46.805,8907180.0,2.183,46.347,3.029,3.627,3.627,0,交易,12.904604356217261,12.628894403087951,195753.5932486484,0.9889469753547423,0.9709164621785981,0.9902147206495033
2015-02-13,000657.SZ,46.956,47.744,46.896,46.896,5464743.0,0.194,47.256,3.029,2.225,2.225,0,交易,21.076853932584267,21.1038202247191,116528.9790174002,0.9897788203753352,0.9822386058981234,1.0076765609007166
2015-02-16,000657.SZ,46.956,48.047,46.532,47.411,3923505.0000000005,1.098,47.485,3.029,1.598,1.598,0,交易,29.668961201501876,29.384230287859825,84318.42602939914,0.9883031198618021,0.9684683747164234,1.0015608192191685
2015-02-17,000657.SZ,47.502,47.895,47.35,47.714,2760282.0,0.639,47.595,3.029,1.124,1.124,0,交易,42.45017793594305,42.26156583629893,58295.290390707494,0.9937362981522079,0.9886209416431777,0.9975059730896593
2015-02-25,000657.SZ,47.744,47.986,47.289,47.38,1761562.0,-0.698,47.605,3.029,0.717,0.717,0,交易,66.08089260808927,66.58856345885634,37250.98860200046,0.9920601842203977,0.9854749301879716,1.0047488391726465
2015-02-26,000657.SZ,47.411,49.137,46.896,49.016,6816735.000000001,3.453,48.147,3.029,2.776,2.776,0,交易,17.65706051873199,17.078890489913547,145358.5593654043,0.9798522498321021,0.9543928200744857,0.9822710951526032
2015-02-27,000657.SZ,48.774,49.531,48.471,49.016,3913643.0,0.0,49.102,3.029,1.594,1.594,0,交易,30.75031367628607,30.59849435382685,80741.94879412433,0.9913387575457794,0.9785992610688256,1.0017545291333443
2015-03-02,000657.SZ,49.38,51.652,48.834,50.894,9253598.0,3.832,50.448,3.029,3.768,3.768,0,交易,13.506900212314225,13.105095541401274,189490.88749641643,0.9766901572059165,0.9454425772477348,0.9912366880182341
2015-03-03,000657.SZ,50.592,51.47,50.41,50.743,6018723.0,-0.298,50.916,3.029,2.451,2.451,0,交易,20.70297837617299,20.641370869033047,119395.41757587781,0.9892364484165533,0.979405478919759,1.0034093372484874
2015-03-04,000657.SZ,50.561,51.137,49.168,50.773,5680287.0,0.06,50.196,3.029,2.313,2.313,0,交易,21.95114569822741,21.859489840034584,115528.12805076473,0.9815984512192737,0.9614955902770987,0.9886356921986094
2015-03-05,000657.SZ,50.743,51.955,49.531,50.258,9630406.0,-1.014,50.189,3.029,3.922,3.922,0,交易,12.814380418154004,12.938041815400306,194431.89113888273,0.9660090462900588,0.9533442402078722,0.9986270842452942
2015-03-06,000657.SZ,50.228,51.349,49.713,50.379,5732285.0,0.241,50.51,3.029,2.334,2.334,0,交易,21.584832904884315,21.52013710368466,115307.5654255426,0.9836608307854097,0.968139593760346,1.002600289803291
2015-03-09,000657.SZ,49.925,50.077,48.562,49.319,4619649.0,-2.105,49.277,3.029,1.881,1.881,0,交易,26.219564061669328,26.541733120680487,95128.88678390511,0.9840246021127464,0.9697465902510134,0.9991484012246801
2015-03-10,000657.SZ,49.38,51.409,48.774,50.561,8036353.0,2.518,50.731,3.029,3.273,3.273,0,交易,15.447907118851207,15.087076076993585,164767.15053102063,0.9868116477659554,0.9487443832791924,1.0033622752714544
2015-03-11,000657.SZ,50.713,51.47,49.986,50.561,4803004.0,0.0,50.835,3.029,1.956,1.956,0,交易,25.84918200408998,25.926891615541923,96086.98435561958,0.9876627161453274,0.9711676704876627,1.005419196613991
2015-03-12,000657.SZ,50.379,50.925,49.38,50.289,4191243.0,-0.539,50.169,3.029,1.707,1.707,0,交易,29.460456942003514,29.51318101933216,84877.33900364519,0.9851546391752577,0.9696612665684832,0.997613792280618
2015-03-13,000657.SZ,50.289,51.197,49.986,50.47,3914996.0,0.361,50.541,3.029,1.594,1.594,0,交易,31.662484316185694,31.548933500627353,78321.85011803305,0.9871867492235872,0.9763462702892747,1.001406776302754
2015-03-16,000657.SZ,50.713,53.924,50.652,52.985,13954109.0,4.982,52.492,3.029,5.682,5.682,0,交易,9.325061598028862,8.925202393523406,275489.79309800203,0.9734441065202878,0.9393220087530599,0.9906954798527885
2015-03-17,000657.SZ,52.985,55.075,52.409,52.864,10741645.0,-0.229,53.459,3.029,4.374,4.374,0,交易,12.085962505715592,12.113625971650665,204958.02247705546,0.9706581933726737,0.951593281888334,1.0112552966101696
2015-03-18,000657.SZ,52.864,54.833,52.591,53.682,8552184.0,1.547,53.786,3.029,3.483,3.483,0,交易,15.412575366063738,15.177720356014929,162616.87360955297,0.9809056590009666,0.9591122134481062,1.001937334674565
2015-03-19,000657.SZ,53.621,54.439,52.742,52.833,7276867.999999999,-1.58,53.596,3.029,2.963,2.963,0,交易,17.83091461356733,18.096861289233885,137971.02878161616,0.984514778008413,0.9688274949943974,1.014441731493574
2015-03-20,000657.SZ,52.894,54.772,52.046,54.378,11544249.0,2.924,53.515,3.029,4.701,4.701,0,交易,11.56732610082961,11.251648585407361,221808.57318525919,0.9770503176805667,0.9502300445483094,0.9841296112398397
2015-03-23,000657.SZ,54.378,57.802,54.166,57.559,19156888.0,5.85,56.116,3.029,7.801,7.801,0,交易,7.3784130239712855,6.970644789129599,353669.9774766459,0.9708314591190617,0.9370956022282966,0.9749300717524627
2015-03-24,000657.SZ,57.62,57.771,55.227,57.317,12748883.0,-0.421,56.738,3.029,5.192,5.192,0,交易,11.039483821263483,11.09784283513097,230845.1119923226,0.982119056273909,0.955964065015319,0.989898284976534
2015-03-25,000657.SZ,57.105,57.317,54.772,55.439,10148074.0,-3.277,55.926,3.029,4.132,4.132,0,交易,13.41698935140368,13.820183930300097,185278.499963485,0.9757314583805852,0.9555978156567859,1.008784429733581
2015-03-26,000657.SZ,56.045,60.104,56.045,57.862,20703367.0,4.372,58.617,3.029,8.431,8.431,0,交易,6.863005574664928,6.647491400782826,369406.13792488177,0.9752595501131373,0.932467057101025,1.0130482873042757
2015-03-27,000657.SZ,57.862,59.437,57.59,58.256,10154604.0,0.681,58.283,3.029,4.135,4.135,0,交易,14.08851269649335,13.993228536880292,176325.82045494008,0.9805844844120666,0.9689250803371638,1.0004634715737435
2015-03-30,000657.SZ,58.438,59.922,57.62,59.074,10150486.0,1.404,58.829,3.029,4.133,4.133,0,交易,14.293249455601257,14.139366077909509,176162.54772648387,0.9817596208404259,0.9615833917425988,0.9958526593763755
2015-03-31,000657.SZ,59.983,60.468,58.014,58.347,7317463.0,-1.231,58.697,3.029,2.98,2.98,0,交易,19.579530201342283,20.128523489932885,126132.70934601992,0.970711781438116,0.959416550902957,1.0059985946149759
2015-04-01,000657.SZ,55.439,58.195,55.317,57.408,13831988.0,-1.61,56.48,3.029,5.633,5.633,0,交易,10.191372270548554,9.841824960056808,250049.49653813476,0.9705301142709855,0.9505455795171407,0.983835005574136
2015-04-02,000657.SZ,56.711,57.741,56.378,57.529,7810300.0,0.211,57.052,3.029,3.18,3.18,0,交易,18.090880503144653,17.83364779874214,138534.53474759657,0.9880674044439827,0.9763945896330164,0.9917085296111525
2015-04-03,000657.SZ,57.226,57.68,56.499,57.226,8194863.0,-0.527,57.185,3.029,3.337,3.337,0,交易,17.148936170212764,17.148936170212764,145044.3901661976,0.9914181692094314,0.9795249653259362,0.9992835424457415
2015-04-07,000657.SZ,57.529,58.771,57.256,58.014,9426131.0,1.376,58.021,3.029,3.838,3.838,0,交易,15.115685252735801,14.98931735278791,164631.32248148666,0.9872386040734376,0.9742219802283439,1.0001206605302169
2015-04-08,000657.SZ,58.105,63.012,56.045,61.831,22970983.0,6.58,59.512,3.029,9.354,9.354,0,交易,6.610113320504598,6.211781056232628,409866.7677758944,0.9444550244397892,0.8894337586491462,0.9624945415729973
2015-04-09,000657.SZ,61.498,62.073,58.468,59.831,12220432.0,-3.234,60.344,3.029,4.976,4.976,0,交易,12.023914790996786,12.358922829581994,209010.60409112676,0.9721456994184267,0.9419232194351812,1.0085741505239758
2015-04-10,000657.SZ,59.68,61.195,59.528,60.528,9146298.0,1.165,60.516,3.029,3.725,3.725,0,交易,16.249127516778522,16.021476510067114,153646.9896519285,0.9889043222485497,0.9727592123539505,0.9998017446471055
2015-04-13,000657.SZ,60.528,60.558,59.377,59.68,8306694.0,-1.401,59.771,3.029,3.383,3.383,0,交易,17.641146911025718,17.891812001182384,139897.50239991915,0.9870041943261006,0.9804980349417088,1.001524798927614
2015-04-14,000657.SZ,58.922,59.044,57.499,58.014,10476734.0,-2.792,58.193,3.029,4.266,4.266,0,交易,13.59915611814346,13.812001875293014,182207.23838675456,0.9855870198496037,0.9738330736399974,1.0030854621298306
2015-04-15,000657.SZ,57.983,59.316,56.075,56.075,6430558.0,-3.342,57.579,3.029,2.619,2.619,0,交易,21.410843833524247,22.139366170294004,114677.80650913954,0.9707161642727089,0.9453604423764246,1.0268212215782433
2015-04-16,000657.SZ,55.742,59.589,55.015,58.801,9446496.0,4.862,57.521,3.029,3.847,3.847,0,交易,15.284897322589032,14.489732258903041,171707.64336999,0.9652956082498448,0.9232408666028965,0.9782316627268244
2015-04-17,000657.SZ,59.074,59.468,57.59,58.347,8252074.000000001,-0.773,58.601,3.029,3.36,3.36,0,交易,17.365178571428572,17.58154761904762,143290.05035596457,0.985420730476895,0.9684199905831707,1.0043532658062968
2015-04-20,000657.SZ,58.347,61.952,58.317,58.953,19433493.0,1.038,60.102,3.029,7.914,7.914,0,交易,7.449203942380592,7.372630780894617,333238.90117804415,0.9701381714876033,0.9413255423553719,1.0194901022848708
2015-04-21,000657.SZ,58.862,61.195,58.135,60.316,13350215.0,2.312,59.755,3.029,5.436,5.436,0,交易,11.095658572479765,10.828182487122884,229641.61004558357,0.9764686657406652,0.9499959146989133,0.9906989853438557
2015-04-22,000657.SZ,60.346,61.982,59.71,61.164,14209835.999999998,1.406,61.108,3.029,5.786,5.786,0,交易,10.571033529208435,10.429657794676807,237980.84073019592,0.9858991320060663,0.9633441967022685,0.9990844287489372
2015-04-23,000657.SZ,60.589,67.163,60.165,64.86,22477764.0,6.043,63.809,3.029,9.153,9.153,0,交易,7.086201245493281,6.619578280345242,373601.9945150835,0.9500617899736462,0.8958057263671962,0.9837958680234351
2015-04-24,000657.SZ,63.558,66.648,62.043,66.648,15473545.000000002,2.756,63.703,3.029,6.301,6.301,0,交易,10.577368671639421,10.086970322171084,249400.33525135796,0.9558126275357101,0.9309056535830033,0.9558126275357101
2015-04-27,000657.SZ,65.739,70.586,65.163,67.193,16406826.0,0.818,67.894,3.029,6.681,6.681,0,交易,10.05732674749289,9.83969465648855,251781.31761889416,0.9618621256339785,0.9231717337715694,1.0104326343517926
2015-04-28,000657.SZ,66.829,67.768,62.043,63.618,12697729.0,-5.32,65.026,3.029,5.171,5.171,0,交易,12.30284277702572,12.923805840263004,204660.1389358993,0.9595384252154409,0.9155205996930704,1.0221321009777107
2015-04-29,000657.SZ,64.83,68.132,63.618,65.739,14982246.0,3.333,66.603,3.029,6.101,6.101,0,交易,10.775118832978201,10.626126864448452,235503.25379609544,0.9775582692420594,0.9337462572653085,1.0131428832200062
2015-04-30,000657.SZ,65.83,67.253,64.224,65.708,10051058.0,-0.046,65.746,3.029,4.093,4.093,0,交易,16.05375030539946,16.083557292939165,156500.03114100648,0.9775920776768322,0.9549611169761945,1.0005783161867656
2015-05-04,000657.SZ,65.89,65.981,63.618,64.709,7417267.999999999,-1.521,64.624,3.029,3.02,3.02,0,交易,21.42682119205298,21.81788079470199,116590.71332012951,0.9794334732726088,0.964186659796002,0.9986864269267025
2015-05-05,000657.SZ,64.618,67.102,62.164,62.709,9444391.0,-3.09,64.845,3.029,3.846,3.846,0,交易,16.304992199687987,16.801352054082162,151927.01563605946,0.9663646389079311,0.92641053917916,1.0340620963498062
2015-05-06,000657.SZ,63.194,64.254,61.831,62.709,6902466.0,0.0,62.804,3.029,2.811,2.811,0,交易,22.30843116328709,22.48096762717894,111634.39051608415,0.9774333115448065,0.9622902854297009,1.0015149340605016
2015-05-07,000657.SZ,62.103,63.164,60.286,60.983,7885412.0,-2.754,61.603,3.029,3.211,3.211,0,交易,18.991902834008098,19.340703830582374,130800.05308031716,0.9752865556329555,0.9544360711797859,1.0101667677877442
2015-05-08,000657.SZ,61.195,62.709,61.195,62.588,6129376.0,2.633,62.163,3.029,2.496,2.496,0,交易,25.075320512820515,24.517227564102566,100161.3857341286,0.9912931158206955,0.9758567350778995,0.9932095609381989
2015-05-11,000657.SZ,63.77,64.769,62.709,64.769,8031713.0,3.485,63.594,3.029,3.271,3.271,0,交易,19.800978294099664,19.4955671048609,128079.11145130682,0.9818586051969306,0.9681946610261082,0.9818586051969306
2015-05-12,000657.SZ,64.89,66.072,63.951,65.557,9292856.0,1.216,65.38,3.029,3.784,3.784,0,交易,17.324788583509516,17.1485200845666,145312.1295992244,0.9895265770674415,0.9678986560116236,0.9973000594902145
2015-05-13,000657.SZ,65.193,66.345,64.254,64.981,8349717.0,-0.878,65.097,3.029,3.4,3.4,0,交易,19.11205882352941,19.174411764705884,129948.5946400224,0.9811892380737055,0.9684829301379155,1.001785137193949
2015-05-14,000657.SZ,65.012,69.313,63.618,68.132,14255535.999999998,4.848,66.079,3.029,5.805,5.805,0,交易,11.736778639104221,11.199310938845823,224080.22886604417,0.9533420859001918,0.9178364808910305,0.9698673163858391
2015-05-15,000657.SZ,68.617,70.556,66.708,67.041,15675538.0,-1.601,68.537,3.029,6.383,6.383,0,交易,10.5030549898167,10.74996083346389,234987.37782574803,0.9713844322240491,0.9454617608707977,1.0223147029429753
2015-05-18,000657.SZ,65.072,66.284,64.345,64.527,9561406.0,-3.751,65.156,3.029,3.894,3.894,0,交易,16.570878274268104,16.710837185413457,148595.9437407724,0.9829823185082373,0.9707470882867659,1.0097478574860137
2015-05-19,000657.SZ,64.769,65.739,64.163,64.83,7575248.0,0.469,64.955,3.029,3.085,3.085,0,交易,21.014586709886547,20.99481361426256,118062.55941897978,0.9880740504114756,0.9760264074598031,1.0019281196976708
2015-05-20,000657.SZ,64.83,66.587,64.588,65.618,9866397.0,1.215,65.529,3.029,4.018,4.018,0,交易,16.33101045296167,16.134892981582876,152758.97999628415,0.9841110126601288,0.96997912505444,0.99864366484806
2015-05-21,000657.SZ,65.557,65.951,64.224,64.83,10216798.0,-1.2,64.606,3.029,4.16,4.16,0,交易,15.584134615384615,15.758894230769231,159080.68634778276,0.9796060711740535,0.9738138921320376,0.9965448095017738
2015-05-22,000657.SZ,64.951,67.163,64.375,67.102,14898429.0,3.505,65.722,3.029,6.067,6.067,0,交易,11.060161529586287,10.705620570298334,231431.9067961165,0.9785447344520047,0.9584890490299719,0.9794342940597894
2015-05-25,000657.SZ,66.496,72.737,66.072,71.131,20750214.0,6.005,70.437,3.029,8.45,8.45,0,交易,8.417869822485208,7.869349112426035,314054.5768252815,0.9683792292780841,0.908368505712361,0.9902433538119807
2015-05-26,000657.SZ,70.525,73.615,70.283,72.706,16067731.0,2.215,71.919,3.029,6.543,6.543,0,交易,11.112028121656733,10.7786947883234,228614.7574804718,0.9769612171432452,0.9547374855668004,0.9891755838582784
2015-05-27,000657.SZ,73.312,73.312,70.798,71.828,15238017.000000002,-1.208,71.679,3.029,6.205,6.205,0,交易,11.575825946817083,11.814987912973407,215232.30882228314,0.977725338280227,0.9657082060235705,0.9979256000445509
2015-05-28,000657.SZ,72.706,73.131,64.739,65.284,19834687.0,-9.11,69.526,3.029,8.077,8.077,0,交易,8.082703974247865,9.001609508480872,306379.2613416951,0.9507048994270555,0.8852470224665328,1.0649776361742538
2015-05-29,000657.SZ,65.133,66.163,61.8,64.497,12164756.0,-1.206,64.42,3.029,4.954,4.954,0,交易,13.019176423092452,13.147557529269276,196840.71197411005,0.9736559708598462,0.9340567991173314,0.9988061460222957
2015-06-01,000657.SZ,65.284,68.162,64.224,67.738,10877379.0,5.026,66.486,3.029,4.429,4.429,0,交易,15.294197335741702,14.740121923684805,169366.26494768308,0.9754115196150347,0.9422258736539421,0.9815170214650566
2015-06-02,000657.SZ,67.95,70.616,67.223,69.798,12363116.0,3.041,69.167,3.029,5.034,5.034,0,交易,13.865315852205008,13.498212157330157,183911.9944066763,0.9794805709754164,0.9519513991163475,0.9909596263503252
2015-06-03,000657.SZ,69.889,73.252,68.92,69.677,20397217.0,-0.174,70.56,3.029,8.306,8.306,0,交易,8.38875511678305,8.414278834577415,295954.9767846779,0.9632501501665485,0.940861682957462,1.0126727614564346
2015-06-04,000657.SZ,69.707,71.161,64.86,70.586,17387039.0,1.304,69.233,3.029,7.08,7.08,0,交易,9.969774011299435,9.845621468926552,268070.28985507245,0.9729065077781369,0.911454307837158,0.9808318930099454
2015-06-05,000657.SZ,72.706,77.644,72.403,77.644,25031242.0,10.0,76.413,3.029,10.193,10.193,0,交易,7.6173844795447865,7.132934366722261,345721.0612819911,0.9841455875534489,0.9324996136211426,0.9841455875534489
2015-06-08,000657.SZ,79.28,81.795,75.372,76.402,34090434.0,-1.6,78.476,3.029,13.882,13.882,0,交易,5.503673822215819,5.710992652355569,452295.733163509,0.9594229476129348,0.9214744177516963,1.0271458862333447
2015-06-09,000657.SZ,75.281,84.036,73.888,84.036,31546650.0,9.992,81.307,3.029,12.846,12.846,0,交易,6.541802895843064,5.8602677876381755,426952.2791251624,0.9675258222666476,0.8792422295206817,0.9675258222666476
2015-06-10,000657.SZ,81.795,87.854,80.583,83.552,31332969.0,-0.577,84.157,3.029,12.759,12.759,0,交易,6.548475585860961,6.410768869033623,388828.52462678234,0.9579188198602226,0.9172376898035377,1.0072409996170049
2015-06-11,000657.SZ,83.552,90.671,82.552,87.975,21655299.0,5.294,87.307,3.029,8.818,8.818,0,交易,9.976752097981402,9.475164436380133,262323.1296637271,0.9628988320411156,0.9104564855356178,0.992406933788008
2015-06-12,000657.SZ,86.945,89.368,85.4,87.429,18977797.0,-0.62,87.061,3.029,7.728,7.728,0,交易,11.313276397515528,11.250646997929605,222222.44730679155,0.9741853907438905,0.955599319666995,0.9957908703061914
2015-06-15,000657.SZ,86.309,86.309,82.704,83.309,15984101.0,-4.712,84.444,3.029,6.509,6.509,0,交易,12.799047472730065,13.259947764633583,193268.7778100213,0.9783915929972541,0.9582314706461666,1.013623978201635
2015-06-16,000657.SZ,81.795,83.006,76.039,78.341,13920850.0,-5.964,80.135,3.029,5.669,5.669,0,交易,13.81919209737167,14.428470629740696,183075.13249779717,0.9654121388815267,0.9160663084596294,1.0228998863940977
2015-06-17,000657.SZ,78.341,83.309,77.251,82.946,12447255.0,5.878,80.628,3.029,5.069,5.069,0,交易,16.36338528309331,15.454922075360031,161127.42877114858,0.9678186030320854,0.9272827665678379,0.9720541074916211
2015-06-18,000657.SZ,82.704,83.915,77.251,78.917,10740123.0,-4.858,81.44,3.029,4.374,4.374,0,交易,18.042295381801555,18.90809327846365,139028.91871949876,0.9705058690341416,0.9205863075731395,1.0319702979079286
2015-06-19,000657.SZ,76.645,79.916,74.827,75.584,10425693.0,-4.223,77.155,3.029,4.245,4.245,0,交易,17.805418138987044,18.055359246171964,139330.6293182942,0.9654512237849743,0.936320636668502,1.0207848221845892
2015-06-23,000657.SZ,74.251,77.129,68.193,76.645,10489121.0,1.403,73.149,3.029,4.271,4.271,0,交易,17.945446031374384,17.384921564036528,153815.2156379687,0.9483981381840811,0.8841421514605401,0.9543871094004828
2015-06-24,000657.SZ,77.554,79.553,75.736,78.462,11040439.0,2.372,77.765,3.029,4.496,4.496,0,交易,17.451512455516013,17.249555160142346,145775.31160874615,0.9775244176838083,0.9520194084446848,0.9911167189212612
2015-06-25,000657.SZ,78.796,79.644,71.434,72.979,13209326.0,-6.988,76.478,3.029,5.379,5.379,0,交易,13.567391708496004,14.648819483175314,184916.51034521378,0.9602481040630806,0.8969162774345838,1.0479452993326848
2015-06-26,000657.SZ,69.677,71.192,65.678,65.678,12151613.0,-10.004,67.576,3.029,4.948,4.948,0,交易,13.27364591754244,14.081851253031529,185018.01211973568,0.9492077761546241,0.9225474772446343,1.0288985657297725
2015-06-29,000657.SZ,68.162,68.162,59.104,59.104,14067266.0,-10.009,61.761,3.029,5.728,5.728,0,交易,10.318435754189945,11.899790502793298,238008.6965349215,0.9060913705583756,0.8671107068454563,1.044954656199242
2015-06-30,000657.SZ,57.59,64.739,53.197,63.164,15147642.000000002,6.868,57.656,3.029,6.168,6.168,0,交易,10.24059662775616,9.336900129701686,284746.16989679873,0.8905914518296544,0.8217148859265667,0.9127984294851498
2015-07-01,000657.SZ,61.073,64.557,56.862,57.014,9922088.0,-9.736,61.895,3.029,4.04,4.04,0,交易,14.112376237623764,15.117079207920792,174494.1788892406,0.9587651222950261,0.8808030112923463,1.0856105517942962
2015-07-02,000657.SZ,57.499,58.468,51.319,51.319,13522626.0,-9.989,53.107,3.029,5.507,5.507,0,交易,9.318866896676958,10.441074995460324,263501.3542742454,0.9083088184990079,0.8777279879592256,1.0348408971336152
2015-07-03,000657.SZ,48.774,51.985,46.199,46.199,11126047.0,-9.976,47.622,3.029,4.531,4.531,0,交易,10.196203928492606,10.764511145442508,240828.7408818373,0.9160719438299509,0.8886986630758873,1.0308015325007036
2015-07-06,000657.SZ,50.834,50.834,41.594,41.685,16296425.0,-9.77,44.394,3.029,6.636,6.636,0,交易,6.281645569620253,7.660337552742616,391797.4948309852,0.8733131368768934,0.8182318920407601,1.0649874055415616
2015-07-07,000657.SZ,38.625,39.231,37.504,37.504,5203534.0,-10.029,37.876,3.029,2.119,2.119,0,交易,17.698914582350163,18.227937706465312,138746.10708191126,0.9654609874843872,0.9559786903214293,1.0099189419795223
2015-07-08,000657.SZ,33.748,33.748,33.748,33.748,1576700.0,-10.016,33.748,3.029,0.642,0.642,0,交易,52.56697819314641,52.56697819314641,46719.80561811071,1.0,1.0,1.0
2015-07-14,000657.SZ,37.111,37.111,37.111,37.111,230792.99999999997,9.964,37.111,3.029,0.094,0.094,0,交易,394.7978723404255,394.7978723404255,6218.991673627765,1.0,1.0,1.0
2015-07-15,000657.SZ,40.837,40.837,39.443,40.837,29033853.000000004,10.041,40.641,3.029,11.823,11.823,0,交易,3.4540302799627844,3.4540302799627844,736096.4683213753,0.9952004309817076,0.9658642897372479,0.9952004309817076
2015-07-16,000657.SZ,37.807,42.412,37.807,40.291,19853773.0,-1.335,40.332,3.029,8.085,8.085,0,交易,4.983426097711811,4.676190476190476,525134.8427539873,0.9509572762425729,0.8914222389889654,1.0010175969819564
2015-07-17,000657.SZ,40.867,44.321,39.989,43.775,20303307.0,8.647,42.508,3.029,8.268,8.268,0,交易,5.294508950169327,4.942791485244315,507722.29863212386,0.9590938832607568,0.9022585230477651,0.9710565391205027
2015-07-20,000657.SZ,43.927,47.926,43.2,47.865,20089446.0,9.343,46.108,3.029,8.181,8.181,0,交易,5.850751741840852,5.369392494805036,465033.4722222222,0.9620665192171263,0.9013896423653132,0.9632925937532643
2015-07-21,000657.SZ,46.653,51.712,45.744,49.713,16201757.0,3.861,49.32,3.029,6.598,6.598,0,交易,7.534555926038194,7.070779023946651,354183.2152850647,0.9537438118811881,0.8845915841584158,0.9920946231368053
2015-07-22,000657.SZ,49.077,51.803,47.562,50.077,15200813.0,0.731,50.067,3.029,6.19,6.19,0,交易,8.089983844911146,7.9284329563812594,319599.95374458603,0.9664884273111597,0.9181321545084261,0.9998003075264094
2015-07-23,000657.SZ,49.683,52.288,49.38,51.864,13303338.0,3.569,51.334,3.029,5.417,5.417,0,交易,9.574303119808011,9.17168174266199,269407.4119076549,0.9817548959608324,0.9443849449204408,0.9897809656023447
2015-07-24,000657.SZ,52.47,55.408,51.834,52.864,19341878.0,1.928,53.479,3.029,7.876,7.876,0,交易,6.712036566785169,6.662011173184357,373150.4032102481,0.9651855327750505,0.9354966791799019,1.0116336259079903
2015-07-27,000657.SZ,52.652,54.772,47.592,47.592,18532380.0,-9.971,51.546,3.029,7.547,7.547,0,交易,6.306081886842454,6.976546972306878,389401.15985879983,0.9411012926312715,0.8689111224713357,1.0830811901159858
2015-07-28,000657.SZ,43.351,49.319,43.351,44.442,16928835.0,-6.62,45.298,3.029,6.894,6.894,0,交易,6.446475195822455,6.288221642007542,390506.21669627,0.9184695553437823,0.8789918692593117,1.0192610593582647
2015-07-29,000657.SZ,45.623,47.865,42.412,47.562,13188049.0,7.021,45.079,3.029,5.37,5.37,0,交易,8.856983240223464,8.495903165735568,310950.88654154487,0.9417946307322678,0.8860754204533583,0.9477944577603971
2015-07-30,000657.SZ,47.502,49.683,46.502,46.805,14194942.000000002,-1.592,48.522,3.029,5.78,5.78,0,交易,8.097750865051903,8.218339100346022,305254.44066921854,0.9766318459030251,0.9359740756395548,1.0366841149449846
2015-07-31,000657.SZ,46.35,48.562,45.684,47.623,9556554.0,1.748,47.755,3.029,3.892,3.892,0,交易,12.23612538540596,11.909044193216856,209188.2059364329,0.9833820682838434,0.9407355545488242,1.002771769943095
2015-08-03,000657.SZ,47.229,48.138,43.533,45.139,9409990.0,-5.216,45.642,3.029,3.832,3.832,0,交易,11.779488517745303,12.324895615866389,216157.62754691843,0.9481490714196685,0.9043375296023932,1.0111433571855823
2015-08-04,000657.SZ,45.896,48.986,45.32,48.834,9964459.0,8.188,47.088,3.029,4.058,4.058,0,交易,12.034006899950716,11.310004928536225,219868.90997352163,0.961254235904136,0.9251622912668926,0.9642462218945816
2015-08-05,000657.SZ,49.289,49.774,47.259,48.501,10051711.0,-0.682,48.771,3.029,4.093,4.093,0,交易,11.849743464451501,12.042267285609578,212694.1111745911,0.9798489171053161,0.9494716116848153,1.0055668955279273
2016-02-25,000657.SZ,49.38,53.348,43.654,48.622,47643449.0,0.25,50.587,3.029,19.401,19.401,0,交易,2.506159476315654,2.5452296273387973,1091387.9369588124,0.9482454824923147,0.81828747094549,1.0404138044506603
2016-02-26,000657.SZ,46.199,47.138,43.775,43.775,26656480.0,-9.969,44.442,3.029,10.855,10.855,0,交易,4.032703823122985,4.25601105481345,608943.0039977157,0.9428062285205143,0.9286562857991429,1.015237007424329
2016-02-29,000657.SZ,42.351,42.866,39.413,39.413,13210554.999999998,-9.965,39.737,3.029,5.38,5.38,0,交易,7.325836431226765,7.871933085501858,335182.68084134674,0.9270050856156394,0.91944664769281,1.0082206378606045
2016-03-01,000657.SZ,38.141,39.716,35.747,38.292,16040854.0,-2.844,38.026,3.029,6.532,6.532,0,交易,5.862216778934477,5.839099816289038,448732.8726886172,0.9574478799476283,0.9000654648000805,0.9930533792959365
2016-03-02,000657.SZ,37.656,42.109,37.656,42.109,5496681.0,9.968,40.826,3.029,2.238,2.238,0,交易,18.815460232350315,16.825737265415547,145970.92096876993,0.9695314540834501,0.8942506352561209,0.9695314540834501
2016-03-03,000657.SZ,46.32,46.32,46.32,46.32,5026527.0,10.0,46.32,3.029,2.047,2.047,0,交易,22.628236443575965,22.628236443575965,108517.42227979275,1.0,1.0,1.0
2016-03-04,000657.SZ,48.077,50.955,45.229,49.986,43993352.0,7.914,48.806,3.029,17.915,17.915,0,交易,2.790175830309796,2.683617080658666,972680.1830683853,0.9578255323324502,0.8876263369639878,0.9763933901492418
2016-03-07,000657.SZ,50.137,52.955,48.925,49.864,31879465.999999996,-0.242,50.626,3.029,12.982,12.982,0,交易,3.8410106301032196,3.8620397473424743,651598.6918753193,0.9560192616372392,0.9238976489472193,1.0152815658591368
2016-03-08,000657.SZ,49.864,50.167,47.441,49.137,20948017.0,-1.458,48.796,3.029,8.53,8.53,0,交易,5.760492379835874,5.845720984759672,441559.3473999283,0.972671277931708,0.9456614906213248,0.9930602193866129
2016-03-09,000657.SZ,45.775,46.956,44.23,44.23,19920408.0,-9.988,44.938,3.029,8.112,8.112,0,交易,5.452416173570019,5.642874753451676,450382.27447433874,0.9570235965584802,0.9419456512479767,1.0160072349084333
2016-03-10,000657.SZ,44.381,44.624,41.503,41.534,13689762.0,-6.096,42.885,3.029,5.575,5.575,0,交易,7.450044843049327,7.960717488789237,329849.9385586584,0.961029939046253,0.9300600573682323,1.0325275677757981
2016-03-11,000657.SZ,41.2,42.23,40.413,40.655,12298560.0,-2.115,40.951,3.029,5.008,5.008,0,交易,8.118011182108626,8.226837060702875,304321.8766238587,0.9697134738337676,0.9569737153682216,1.0072807772721681
2016-03-14,000657.SZ,41.382,43.26,41.019,42.079,13303329.0,3.502,42.157,3.029,5.417,5.417,0,交易,7.767952741369762,7.639283736385453,324321.14386016235,0.9745030050855293,0.9481969486823856,1.001853656218066
2016-03-15,000657.SZ,41.746,42.018,40.291,40.655,9692014.0,-3.384,40.966,3.029,3.947,3.947,0,交易,10.300228021281987,10.576640486445402,240550.34623116828,0.9749631110476462,0.9588985672806891,1.0076497355798795
2016-03-16,000657.SZ,41.109,41.352,39.08,39.716,8396558.0,-2.31,40.183,3.029,3.419,3.419,0,交易,11.616262064931266,12.02369113775958,214855.62947799388,0.9717305088024764,0.9450570710001935,1.0117584852452413
2016-03-17,000657.SZ,40.564,41.291,39.837,41.261,11032628.0,3.89,40.85,3.029,4.493,4.493,0,交易,9.183396394391275,9.028266191853994,276944.247809825,0.9893197064735658,0.9647865152212348,0.9900390198977242
2016-03-18,000657.SZ,42.079,43.866,41.594,43.018,15333539.000000002,4.258,42.932,3.029,6.244,6.244,0,交易,6.889493914157591,6.739109545163357,368647.85786411504,0.9787078830985274,0.948205899785711,0.9980008368589893
2016-03-21,000657.SZ,43.472,45.684,42.473,45.684,18723106.0,6.197,43.953,3.029,7.624,7.624,0,交易,5.992130115424974,5.701993704092341,440823.72330657125,0.9621092723929604,0.9297128097364504,0.9621092723929604
2016-03-22,000657.SZ,45.017,45.381,44.018,44.351,14559941.0,-2.918,44.631,3.029,5.929,5.929,0,交易,7.4803508180131555,7.592680047225502,330772.434004271,0.98347325973425,0.9699654040237103,1.0063132736578657
2016-03-23,000657.SZ,44.199,46.169,43.624,46.078,18608969.0,3.893,45.209,3.029,7.578,7.578,0,交易,6.080496173132753,5.832541567695961,426576.4028974876,0.9792068270917716,0.9448764322380819,0.9811406745084422
2016-03-24,000657.SZ,44.684,45.078,43.381,43.412,16549692.000000002,-5.786,44.205,3.029,6.739,6.739,0,交易,6.441905327199882,6.630657367561953,381496.32327516656,0.980633568481299,0.962354141709925,1.018266838662121
2016-03-25,000657.SZ,42.957,43.806,42.261,43.2,9255080.0,-0.488,42.979,3.029,3.769,3.769,0,交易,11.461926240382065,11.397452905279915,218998.13066420576,0.9811213075834361,0.9647308587864677,0.9948842592592592
2016-03-28,000657.SZ,43.048,45.26,43.048,44.866,16565078.0,3.857,44.155,3.029,6.746,6.746,0,交易,6.650756003557663,6.381262970649273,384804.8225236945,0.9755855059655325,0.9511268228015909,0.9841528105915393
2016-03-29,000657.SZ,44.836,49.349,44.836,49.349,49058803.0,9.993,48.069,3.029,19.977,19.977,0,交易,2.4702908344596284,2.244381038193923,1094183.3125167277,0.9740622910292003,0.9085493120427972,0.9740622910292003
2016-03-30,000657.SZ,49.319,51.894,48.622,50.289,49828906.0,1.903,50.102,3.029,20.291,20.291,0,交易,2.478389433739096,2.4305849884185107,1024822.2203940602,0.9654680695263421,0.9369483948047944,0.9962814929706296
2016-03-31,000657.SZ,49.683,50.046,48.259,49.289,29107688.0,-1.988,49.053,3.029,11.853,11.853,0,交易,4.158356534210749,4.191597064034422,603155.639362606,0.9801582544059465,0.9642928505774687,0.9952119134086712
2016-04-01,000657.SZ,49.683,54.227,49.471,54.227,53939639.0,10.018,52.938,3.029,21.965,21.965,0,交易,2.4687912588208514,2.2619166856362396,1090328.4550544764,0.9762295535434379,0.9122946133844764,0.9762295535434379
2016-04-05,000657.SZ,55.287,57.165,53.985,56.105,48436392.0,3.464,55.615,3.029,19.724,19.724,0,交易,2.8445041573717296,2.8030318393834923,897219.4498471798,0.9728855068660894,0.9443715560220415,0.9912663755458516
2016-04-06,000657.SZ,55.59,56.105,54.227,56.105,27493325.0,0.0,55.003,3.029,11.196,11.196,0,交易,5.011164701679171,4.965166130760987,507004.35207553435,0.9803582568398539,0.9665270475002228,0.9803582568398539
2016-04-07,000657.SZ,58.983,59.983,53.772,54.106,38067112.0,-3.564,56.921,3.029,15.501,15.501,0,交易,3.490484484871944,3.805109347784014,707935.579855687,0.9489522031242186,0.896453995298668,1.0520275015709903
2016-04-08,000657.SZ,52.258,53.924,50.622,51.834,23267327.0,-4.199,51.749,3.029,9.475,9.475,0,交易,5.470606860158312,5.515356200527705,459628.7582474023,0.9596654550849344,0.9387656702025072,0.9983601497086854
2016-04-11,000657.SZ,52.53,56.045,52.137,54.378,25688918.0,4.909,54.403,3.029,10.461,10.461,0,交易,5.198164611413823,5.021508459994265,492719.5273989681,0.9707021143723793,0.9302703184940673,1.000459744749715
2016-04-12,000657.SZ,53.318,53.772,51.773,52.318,14958109.0,-3.788,52.569,3.029,6.091,6.091,0,交易,8.589394188146445,8.753570842226235,288917.17690688197,0.9776277616603437,0.9628245183366809,1.0047975840055048
2016-04-13,000657.SZ,53.439,56.287,53.439,54.075,31064855.0,3.358,55.053,3.029,12.65,12.65,0,交易,4.274703557312253,4.224426877470355,581314.3022885907,0.9780766429193242,0.9494021710163981,1.0180859916782246
2016-04-14,000657.SZ,54.136,54.166,52.712,53.56,17287947.0,-0.952,53.296,3.029,7.04,7.04,0,交易,7.607954545454546,7.689772727272728,327969.85506146605,0.9839382638555552,0.9731565926965257,0.9950709484690067
2016-04-15,000657.SZ,52.742,53.106,52.137,52.712,13869228.0,-1.584,52.482,3.029,5.648,5.648,0,交易,9.3328611898017,9.338172804532578,266015.0756660337,0.988249915263812,0.9817534741837081,0.9956366671725603
2016-04-18,000657.SZ,52.621,52.621,50.592,51.046,10952828.0,-3.161,51.194,3.029,4.46,4.46,0,交易,11.445291479820627,11.798430493273543,216493.27956989247,0.9728815491913875,0.9614412496911878,1.002899345688203
2016-04-19,000657.SZ,52.046,54.469,51.531,52.137,18229640.0,2.136,52.993,3.029,7.423,7.423,0,交易,7.0237100902600025,7.011450895864206,353760.64892977045,0.9729020176614221,0.9460610622555948,1.0164182826016073
2016-04-20,000657.SZ,52.833,53.833,47.017,53.318,26254292.0,2.266,51.862,3.029,10.691,10.691,0,交易,4.987185483116639,4.941820222617154,558399.9829848778,0.9633867701967196,0.8733862129177271,0.9726921489928355
2016-04-21,000657.SZ,54.53,57.862,53.288,56.105,47710607.0,5.227,55.855,3.029,19.428,19.428,0,交易,2.887842289479102,2.8067737286390777,895334.9159285394,0.9653140230202896,0.9209498461857523,0.9955440691560467
2016-04-22,000657.SZ,53.621,53.863,51.197,53.015,21807285.0,-5.508,52.684,3.029,8.88,8.88,0,交易,5.970157657657658,6.038400900900901,425948.49307576614,0.9781111338024246,0.9505040565880104,0.9937564840139582
2016-04-25,000657.SZ,51.5,55.378,51.197,53.045,20549724.0,0.057,53.538,3.029,8.368,8.368,0,交易,6.339029636711281,6.154397705544933,401385.31554583274,0.9667738090938639,0.9245007042507856,1.0092939956640588
2016-04-26,000657.SZ,52.409,53.106,51.5,52.409,14185697.0,-1.199,52.214,3.029,5.777,5.777,0,交易,9.072009693612602,9.072009693612602,275450.42718446604,0.9832034045117312,0.9697585960155161,0.9962792650117346
2016-04-27,000657.SZ,52.197,52.258,50.228,50.349,18393255.0,-3.931,50.88,3.029,7.49,7.49,0,交易,6.722162883845126,6.968891855807744,366195.24966154335,0.973630831643002,0.9611542730299667,1.0105463862241555
2016-04-28,000657.SZ,49.834,49.955,47.865,48.774,12933016.0,-3.129,48.879,3.029,5.267,5.267,0,交易,9.26029998101386,9.46155306626163,270197.76454611926,0.9784606145530977,0.9581623461115004,1.0021527863205806
2016-04-29,000657.SZ,48.774,49.986,48.441,49.107,8756679.0,0.683,49.346,3.029,3.566,3.566,0,交易,13.770891755468313,13.677509814918677,180769.9882331083,0.9871964149961989,0.9690913455767616,1.004866923249231
2016-05-03,000657.SZ,49.38,50.47,48.592,50.289,10887768.0,2.406,49.763,3.029,4.434,4.434,0,交易,11.341677943166442,11.136671177266576,224065.0312808693,0.9859916782246879,0.9627897761046166,0.9895404561633756
2016-05-04,000657.SZ,49.986,50.167,48.895,49.38,11429458.0,-1.807,49.432,3.029,4.654,4.654,0,交易,10.610227761065751,10.740438332617103,233755.14878821964,0.9853489345585744,0.9746446867462675,1.0010530579181856
2016-05-05,000657.SZ,49.047,50.258,49.047,49.925,10479000.0,1.104,49.618,3.029,4.267,4.267,0,交易,11.70025779235997,11.494492617764235,213652.21114441252,0.9872657089418599,0.9759043336384257,0.9938507761642464
2016-05-06,000657.SZ,49.683,50.864,48.622,49.38,16748560.999999998,-1.092,49.773,3.029,6.82,6.82,0,交易,7.2404692082111435,7.284897360703812,344464.6662004853,0.9785506448568734,0.9559216734822271,1.007958687727825
2016-05-09,000657.SZ,49.259,49.259,44.442,44.442,14455870.000000002,-10.0,45.774,3.029,5.887,5.887,0,交易,7.549176150840836,8.36741973840666,325274.9651230818,0.9292515073387605,0.9022107635152967,1.0299716484406642
2016-05-10,000657.SZ,43.169,44.533,41.412,43.139,10950486.0,-2.931,42.956,3.029,4.459,4.459,0,交易,9.674590715407044,9.68131868131868,264427.84700086934,0.9645880582938495,0.929917140098354,0.9957578988849997
2016-05-11,000657.SZ,43.321,43.927,42.139,42.261,7785695.0,-2.037,43.288,3.029,3.17,3.17,0,交易,13.331545741324922,13.665930599369085,184762.21552481074,0.9854531381610399,0.9592961049013136,1.024301365325004
2016-05-12,000657.SZ,41.534,44.412,39.928,44.078,11547755.0,4.301,42.521,3.029,4.702,4.702,0,交易,9.374308804763931,8.833262441514249,289214.46102985373,0.9574214176348735,0.8990362964964423,0.9646762557284813
2016-05-13,000657.SZ,43.775,44.169,42.473,42.715,9128520.0,-3.093,43.272,3.029,3.717,3.717,0,交易,11.491794457896154,11.77697067527576,214925.24662726908,0.9796916389322828,0.9616020285720754,1.0130399157204728
2016-05-16,000657.SZ,42.018,43.896,41.534,43.745,9199801.0,2.411,43.194,3.029,3.746,3.746,0,交易,11.677789642285104,11.21676454885211,221500.48153320173,0.9840076544559869,0.9461909969017678,0.9874042747742601
2016-05-17,000657.SZ,43.715,47.441,43.563,45.32,19048535.0,3.601,45.838,3.029,7.757,7.757,0,交易,5.842464870439604,5.635554982596365,437264.07731331635,0.9662106616639615,0.9182563605320293,1.0114298323036188
2016-05-18,000657.SZ,44.169,44.472,42.261,42.897,12239187.0,-5.348,43.342,3.029,4.984,4.984,0,交易,8.606942215088282,8.862158908507222,289609.49811883294,0.9745907537326857,0.9502833243389099,1.010373685805534
2016-05-19,000657.SZ,42.442,44.805,42.442,43.26,10460628.0,0.847,43.7,3.029,4.26,4.26,0,交易,10.154929577464788,9.962910798122067,246468.78092455587,0.9753375739314809,0.9472603504073206,1.010171058714748
2016-05-20,000657.SZ,42.473,44.199,42.17,43.624,8375419.0,0.84,43.361,3.029,3.411,3.411,0,交易,12.789211374963354,12.451773673409557,198610.83708797724,0.9810402950292992,0.954093984026788,0.9939712085090775
2016-05-23,000657.SZ,43.624,44.169,43.321,43.957,7526713.0,0.764,43.753,3.029,3.065,3.065,0,交易,14.341598694942904,14.232952691680262,173742.82680455208,0.9905816296497544,0.9808010142860377,0.9953591009395546
2016-05-24,000657.SZ,43.563,44.048,42.412,42.957,7301275.0,-2.274,43.271,3.029,2.973,2.973,0,交易,14.44904137235116,14.65287588294652,172151.16004904272,0.9823601525608427,0.9628586996004358,1.007309635216612
2016-05-25,000657.SZ,43.533,43.806,42.261,42.594,6231608.0,-0.846,42.901,3.029,2.538,2.538,0,交易,16.782505910165487,17.152482269503547,147455.28974704808,0.979340729580423,0.9647308587864677,1.0072075879231817
2016-05-26,000657.SZ,42.866,43.563,40.594,43.412,8727452.0,1.92,42.378,3.029,3.554,3.554,0,交易,12.21496904895892,12.061339335959483,214993.64438094298,0.9727980166655189,0.9318458324725111,0.9761817009121903
2016-05-27,000657.SZ,43.472,43.957,42.866,43.139,7860924.000000001,-0.628,43.509,3.029,3.201,3.201,0,交易,13.476726023117775,13.580756013745704,183383.66071011993,0.9898082216711787,0.9751802898286962,1.00857692575164
2016-05-30,000657.SZ,43.2,43.594,42.382,42.624,4938526.0,-1.194,42.774,3.029,2.011,2.011,0,交易,21.195425161611137,21.481849825957234,116524.13760558728,0.9811900720282608,0.9721980089003073,1.003519144144144
2016-05-31,000657.SZ,42.866,46.744,42.866,46.259,18690777.0,8.529,45.25,3.029,7.611,7.611,0,交易,6.077913546183156,5.632111417684929,436028.0175430411,0.9680386787609105,0.9170374807461921,0.9781880282755788
2016-06-01,000657.SZ,46.047,48.441,45.532,46.714,20396773.0,0.982,46.95,3.029,8.306,8.306,0,交易,5.624127137009391,5.543823741873345,447965.67249407014,0.9692202885985013,0.9399475650791683,1.0050520186667808
2016-06-02,000657.SZ,46.047,47.714,45.805,46.926,13680024.0,0.454,46.858,3.029,5.571,5.571,0,交易,8.423263327948305,8.265481960150781,298657.87577775354,0.9820597728130108,0.9599907783878946,0.9985509099433149
2016-06-03,000657.SZ,48.622,49.259,47.259,47.774,16650932.999999998,1.808,48.088,3.029,6.781,6.781,0,交易,7.045273558472203,7.17032886005014,352333.58725322154,0.9762276944314745,0.9593982825473517,1.0065726127182149
2016-06-06,000657.SZ,47.804,49.077,47.411,47.895,12345993.0,0.254,48.198,3.029,5.027,5.027,0,交易,9.527551223393674,9.509448975532127,260403.5561367615,0.9820893697658781,0.9660533447439739,1.00632633886627
2016-06-07,000657.SZ,47.502,48.017,46.562,46.623,10521105.0,-2.657,47.053,3.029,4.284,4.284,0,交易,10.883053221288515,11.088235294117649,225959.0438555045,0.9799237769956473,0.9696982318762104,1.0092229157282886
2016-06-08,000657.SZ,46.562,47.229,45.744,46.169,7410492.999999999,-0.975,46.269,3.029,3.018,3.018,0,交易,15.297879390324718,15.428098078197483,161999.23487233298,0.9796735056850664,0.9685574541065871,1.0021659555112739
2016-06-13,000657.SZ,45.442,46.774,43.321,43.381,8670320.0,-6.037,45.619,3.029,3.531,3.531,0,交易,12.285754743698668,12.869442084395354,200141.27097712428,0.9753067943729422,0.9261769359045623,1.0515894055001038
2016-06-14,000657.SZ,43.169,44.351,43.169,43.957,6377306.0,1.327,43.735,3.029,2.597,2.597,0,交易,16.926068540623795,16.62264150943396,147728.8331904839,0.9861107979526955,0.9733489662014385,0.9949496098459858
2016-06-15,000657.SZ,43.533,45.835,43.048,45.563,8643824.0,3.653,44.929,3.029,3.52,3.52,0,交易,12.944034090909092,12.367329545454545,200795.01951310164,0.9802334460565071,0.9391949383658776,0.9860852007111033
2016-06-16,000657.SZ,45.593,47.411,45.563,46.562,13334992.000000002,2.194,46.759,3.029,5.43,5.43,0,交易,8.574953959484347,8.396500920810315,292671.5097776705,0.9862479171500285,0.9610217038240071,1.0042309179158972
2016-06-17,000657.SZ,46.35,48.986,46.047,47.714,16699356.0,2.472,47.569,3.029,6.8,6.8,0,交易,7.016764705882353,6.8161764705882355,362658.9354355333,0.971073367901033,0.9400032662393337,0.9969610596470638
2016-06-20,000657.SZ,47.411,48.077,45.866,46.774,8545914.0,-1.968,46.628,3.029,3.48,3.48,0,交易,13.440804597701149,13.623850574712645,186323.50760912223,0.9698608482226428,0.9540112735819622,0.9968786077735494
2016-06-21,000657.SZ,47.259,48.289,45.139,45.896,9981797.0,-1.878,47.037,3.029,4.065,4.065,0,交易,11.290528905289053,11.625830258302582,221134.65074547508,0.9740727701961108,0.9347677524902152,1.0248605542966707
2016-06-22,000657.SZ,45.926,46.805,45.623,46.502,6302063.0,1.32,46.27,3.029,2.566,2.566,0,交易,18.12236944660951,17.897895557287608,138133.4633846963,0.9885695972652495,0.974746287789766,0.995010967270225
2016-06-23,000657.SZ,46.623,46.684,44.442,45.381,9514289.0,-2.41,45.492,3.029,3.874,3.874,0,交易,11.714248838409912,12.034847702632936,214083.2770802394,0.9744666266815183,0.9519749807214464,1.002445957559331
2016-06-24,000657.SZ,44.836,45.623,42.594,44.412,8619563.0,-2.136,44.513,3.029,3.51,3.51,0,交易,12.652991452991454,12.773789173789174,202365.66183030474,0.975670166363457,0.9336080485719923,1.0022741601368998
2016-06-27,000657.SZ,43.896,45.199,43.684,45.139,5211293.0,1.637,44.828,3.029,2.122,2.122,0,交易,21.271913289349673,20.6861451460886,119295.23395293472,0.9917918538020754,0.9664815593265338,0.9931101708057334
2016-06-28,000657.SZ,44.987,46.017,44.836,45.957,7823728.0,1.812,45.393,3.029,3.186,3.186,0,交易,14.42467043314501,14.120213433772756,174496.56526005888,0.9864397939891779,0.974335571636569,0.9877276584633462
2016-06-29,000657.SZ,46.35,48.017,45.563,46.714,15258067.000000002,1.648,46.806,3.029,6.213,6.213,0,交易,7.518751005955255,7.460164171897634,334878.4540087352,0.9747797654997188,0.9488931003602891,1.0019694310056941
2016-06-30,000657.SZ,46.744,47.138,45.623,45.896,8838420.0,-1.751,46.078,3.029,3.599,3.599,0,交易,12.752431230897471,12.988052236732425,193727.2866755803,0.9775128346556919,0.9678603250031821,1.003965487188426
2016-07-01,000657.SZ,45.926,46.744,45.744,46.108,7863901.0,0.462,46.222,3.029,3.202,3.202,0,交易,14.399750156152404,14.342910680824485,171911.0921650927,0.988832791374294,0.9786068800273832,1.0024724559729332
2016-07-04,000657.SZ,45.775,49.228,45.775,48.471,21979726.0,5.125,48.149,3.029,8.95,8.95,0,交易,5.415754189944134,5.114525139664805,480168.78208629164,0.9780815795888519,0.9298569919557974,0.9933568525510099
2016-07-05,000657.SZ,48.925,50.894,48.834,49.774,21880175.0,2.688,49.54,3.029,8.91,8.91,0,交易,5.586307519640853,5.491021324354657,448052.07437441126,0.9733956851495265,0.9595237159586593,0.9952987503515891
2016-07-06,000657.SZ,49.077,53.53,48.198,52.046,28235725.0,4.565,50.639,3.029,11.498,11.498,0,交易,4.526526352409115,4.268307531744651,585827.7314411387,0.9459929011769102,0.9003923033812815,0.9729662221880645
2016-07-07,000657.SZ,51.5,54.5,51.258,52.5,33425267.0,0.873,52.954,3.029,13.611,13.611,0,交易,3.857174344280361,3.7837043567702593,652098.5407155956,0.9716330275229358,0.94051376146789,1.008647619047619
2016-07-08,000657.SZ,51.44,52.106,50.622,50.864,15682014.0,-3.116,51.328,3.029,6.386,6.386,0,交易,7.964923269652364,8.055120576260569,309786.5354983999,0.9850688980155836,0.9715195946723986,1.0091223655237498
2016-07-11,000657.SZ,51.137,53.53,50.561,50.925,18787547.0,0.119,52.127,3.029,7.651,7.651,0,交易,6.655992680695333,6.6837014769311205,371581.7922905006,0.9737903979077154,0.9445357743321502,1.0236033382425136
2016-07-12,000657.SZ,50.228,54.136,50.137,53.288,27807478.0,4.64,52.696,3.029,11.324,11.324,0,交易,4.705757682797598,4.43553514659131,554629.8741448431,0.9734003251071375,0.9261304861829466,0.9888905569734274
2016-07-13,000657.SZ,53.924,54.136,52.288,53.47,21295105.0,0.341,53.186,3.029,8.672,8.672,0,交易,6.165821033210332,6.218173431734317,407265.625,0.982451603369292,0.9658637505541597,0.9946886104357584
2016-07-14,000657.SZ,52.864,53.106,51.5,52.288,12355775.0,-2.21,52.147,3.029,5.031,5.031,0,交易,10.393162393162394,10.507652554164181,239917.96116504853,0.981941776823711,0.9697585960155161,0.9973033965728274
2016-07-15,000657.SZ,53.227,55.711,52.682,53.106,19307617.0,1.564,54.002,3.029,7.862,7.862,0,交易,6.754769778682269,6.7701602645637236,366493.62211001856,0.9693238319182926,0.9456301269049201,1.01687191654427
2016-07-18,000657.SZ,52.046,55.742,51.985,54.59,23508387.0,2.795,54.332,3.029,9.573,9.573,0,交易,5.702496605034995,5.436749190431422,452214.81196498993,0.9747048903878585,0.9326001937497758,0.9952738596812603
2016-07-19,000657.SZ,54.802,54.954,53.409,54.015,14527432.0,-1.054,53.964,3.029,5.916,5.916,0,交易,9.130324543610547,9.263353617308992,272003.445112247,0.9819849328529315,0.9718855770280598,0.9990558178283809
2016-07-20,000657.SZ,53.742,54.348,52.44,52.682,11662999.0,-2.468,53.278,3.029,4.749,4.749,0,交易,11.093282796378187,11.316487681617183,222406.5408085431,0.9803120630013984,0.9648929123426805,1.0113131619908127
2016-07-21,000657.SZ,52.864,53.015,51.803,52.47,7955041.0,-0.403,52.304,3.029,3.239,3.239,0,交易,16.199444272923742,16.32108675517135,153563.3264482752,0.9865887013109498,0.9771385456946147,0.9968362874023252
2016-07-22,000657.SZ,52.561,52.864,51.682,51.743,6726203.0,-1.386,52.247,3.029,2.739,2.739,0,交易,18.891201168309603,19.18985031033224,130145.95023412406,0.9883285411622277,0.9776407384987894,1.009740447983302
2016-07-25,000657.SZ,51.773,52.985,51.228,52.015,7489987.0,0.527,52.119,3.029,3.05,3.05,0,交易,17.05409836065574,16.97475409836066,146208.8506285625,0.9836557516278192,0.9668396716051714,1.0019994232432952
2016-07-26,000657.SZ,51.955,52.955,51.773,52.955,8054849.0,1.805,52.564,3.029,3.28,3.28,0,交易,16.14481707317073,15.839939024390244,155580.1093233925,0.9926163723916533,0.9776791615522614,0.9926163723916533
2016-07-27,000657.SZ,54.287,55.59,50.773,51.924,25023145.0,-1.945,53.551,3.029,10.19,10.19,0,交易,5.09558390578999,5.32747791952895,492843.5388887794,0.9633207411404928,0.9133477244108653,1.0313342577613436
2016-07-28,000657.SZ,50.804,57.105,50.804,57.105,46982009.0,9.977,55.469,3.029,19.132,19.132,0,交易,2.984789880827932,2.655446372569517,924769.8803243838,0.9713510200507837,0.8896593993520708,0.9713510200507837
2016-07-29,000657.SZ,57.075,58.468,55.378,57.317,43118291.0,0.371,57.117,3.029,17.558,17.558,0,交易,3.264437863082356,3.2506549720924935,778617.7001697425,0.9768933433673119,0.947150578094,0.9965106338433624
2016-08-01,000657.SZ,56.802,57.226,51.591,51.591,35195939.0,-9.989,53.571,3.029,14.332,14.332,0,交易,3.599706949483673,3.9632989115266533,682210.8313465527,0.936130430224024,0.9015307727256842,1.0383787869977321
2016-08-02,000657.SZ,50.319,51.197,49.228,51.046,20109308.0,-1.057,50.249,3.029,8.189,8.189,0,交易,6.233483941873245,6.144706313347173,408493.296497928,0.9814832900365256,0.9615407152762857,0.9843866316655566
2016-08-03,000657.SZ,51.652,53.772,51.652,52.742,25230465.0,3.323,52.808,3.029,10.274,10.274,0,交易,5.133540977224061,5.027447926805529,488470.2431658019,0.9820724540653128,0.9605742765751693,1.0012513746160556
2016-08-04,000657.SZ,52.046,54.469,51.046,53.197,25090189.0,0.862,52.869,3.029,10.217,10.217,0,交易,5.206714299696584,5.0940589214055,491521.15738745447,0.9706254933999156,0.9371569149424442,0.993834238772863
2016-08-05,000657.SZ,52.712,55.348,52.379,54.075,24001763.0,1.651,54.024,3.029,9.774,9.774,0,交易,5.532535297728669,5.3930836914262335,458232.5550315966,0.9760786297607863,0.9463575919635759,0.9990568654646325
2016-08-08,000657.SZ,53.621,57.196,52.591,56.317,31746380.0,4.146,55.169,3.029,12.928,12.928,0,交易,4.356203589108911,4.147663985148514,603646.6315529273,0.9645604587733407,0.9194873767396322,0.9796153914448568
2016-08-09,000657.SZ,56.408,58.074,55.317,56.499,28299448.0,0.323,56.4,3.029,11.524,11.524,0,交易,4.902724748351267,4.894828184658105,511586.81779561436,0.9711747081310053,0.9525260874057238,0.9982477565974618
2016-08-10,000657.SZ,55.62,59.377,55.59,58.407,42516919.0,3.378,57.927,3.029,17.314,17.314,0,交易,3.3733972507797154,3.2124292480073926,764830.3471847454,0.9755797699445913,0.9362210957104603,0.9917818069751914
2016-08-11,000657.SZ,57.529,57.802,54.954,55.832,28500853.0,-4.409,56.513,3.029,11.606,11.606,0,交易,4.810615199034982,4.956832672755471,518631.0914583106,0.9776997335732327,0.950728348500052,1.0121973062043272
2016-08-12,000657.SZ,55.742,56.62,54.772,56.317,17125061.0,0.868,55.597,3.029,6.974,6.974,0,交易,8.075279609979924,7.992830513335244,312660.8668662821,0.9819321794418934,0.9673613564111622,0.9872152280838823
2016-08-15,000657.SZ,56.045,57.468,54.833,56.893,23439101.0,1.022,56.343,3.029,9.545,9.545,0,交易,5.9605028810895755,5.871660555264537,427463.40707238344,0.9804238880768428,0.9541483956288717,0.9903327298613187
2016-08-16,000657.SZ,56.711,59.922,56.378,59.347,33982083.0,4.313,58.362,3.029,13.838,13.838,0,交易,4.288697788697789,4.098207833501951,602754.3190606264,0.9739661560028037,0.9408564467140617,0.9834026993782331
2016-08-17,000657.SZ,58.771,59.135,57.196,58.135,24558514.0,-2.042,57.928,3.029,10.001,10.001,0,交易,5.812918708129187,5.876512348765124,429374.6765508078,0.9795890758434092,0.9672106197683267,0.9964393222671368
2016-08-18,000657.SZ,58.165,58.71,57.014,57.923,19881353.0,-0.365,57.857,3.029,8.096,8.096,0,交易,7.1545207509881426,7.184412055335968,348710.01859192475,0.985470958950775,0.9711122466360075,0.9988605562557188
2016-08-19,000657.SZ,57.529,58.892,56.105,56.681,21915119.0,-2.144,57.836,3.029,8.924,8.924,0,交易,6.351523980277903,6.446548632900045,390609.01880402816,0.9820688718331861,0.9526760850370168,1.020377198708562
2016-08-22,000657.SZ,55.863,55.863,53.591,53.591,23447805.0,-5.452,54.549,3.029,9.548,9.548,0,交易,5.61279849183075,5.850754084625052,437532.5147879308,0.976478169808281,0.9593290729105133,1.0178761359183444
2016-08-23,000657.SZ,53.621,54.136,52.803,53.954,10924117.0,0.678,53.506,3.029,4.448,4.448,0,交易,12.129946043165466,12.055080935251798,206884.40050754693,0.9883626422343726,0.9753768287276487,0.991696630462987
2016-08-24,000657.SZ,53.651,54.015,52.47,52.712,9711873.0,-2.302,53.21,3.029,3.955,3.955,0,交易,13.32793931731985,13.565360303413401,185093.82504288165,0.9850967323891512,0.9713968342127186,1.0094475641220215
2016-08-25,000657.SZ,52.015,52.076,50.925,51.894,13539765.0,-1.552,51.494,3.029,5.514,5.514,0,交易,9.411316648531011,9.433260790714545,265876.58321060386,0.9888240264229203,0.9778976879944695,0.9922919798049871
2016-08-26,000657.SZ,51.894,52.803,51.834,51.864,9467609.0,-0.058,52.34,3.029,3.855,3.855,0,交易,13.453696498054475,13.46147859922179,182652.48678473587,0.9912315588129463,0.9816487699562526,1.0091778497609132
2016-08-29,000657.SZ,51.834,52.349,51.591,51.864,5936590.0,0.0,51.967,3.029,2.417,2.417,0,交易,21.45800579230451,21.44559371121225,115070.26419336705,0.9927028214483563,0.9855202582666336,1.001985963288601
2016-08-30,000657.SZ,52.137,52.258,51.561,52.106,6214401.0,0.467,51.91,3.029,2.531,2.531,0,交易,20.58711971552746,20.599367838798894,120525.22255192879,0.9933407325194228,0.9866623292127521,0.9962384370322035
2016-08-31,000657.SZ,52.106,52.833,51.197,52.197,8914320.0,0.174,52.11,3.029,3.63,3.63,0,交易,14.379338842975208,14.354269972451792,174118.0147274254,0.9863153710748964,0.9690345049495581,0.9983332375423875
2016-09-01,000657.SZ,52.167,52.409,51.561,51.622,6805600.0,-1.103,52.049,3.029,2.771,2.771,0,交易,18.62937567665103,18.826055575604475,131991.23368437384,0.9931309507908948,0.9838195729741075,1.0082716671186702
2016-09-02,000657.SZ,51.349,52.046,49.925,49.986,10012068.0,-3.169,50.969,3.029,4.077,4.077,0,交易,12.260485651214127,12.594800098111355,200542.17325988985,0.9793067670906506,0.9592475886715597,1.0196655063417759
2016-09-05,000657.SZ,49.986,51.409,49.986,50.894,7977493.0,1.818,50.881,3.029,3.249,3.249,0,交易,15.664512157586948,15.385041551246536,159594.54647301245,0.9897294248088856,0.9723200217860686,0.999744567139545
2016-09-06,000657.SZ,50.955,51.349,50.077,51.288,6215310.0,0.774,50.749,3.029,2.531,2.531,0,交易,20.26392730146187,20.132358751481625,124115.06280328296,0.9883152544353347,0.9752283394029095,0.9894907190765873
2016-09-07,000657.SZ,51.5,51.591,50.682,50.713,6406890.0,-1.122,51.15,3.029,2.609,2.609,0,交易,19.437715599846683,19.739363740896895,126413.51959275482,0.9914519974414141,0.9823806477874047,1.0086171198706446
2016-09-08,000657.SZ,51.016,51.016,50.137,50.44,5722921.0,-0.538,50.39,3.029,2.33,2.33,0,交易,21.648068669527895,21.89527896995708,114145.66088916369,0.98772933981496,0.9827701113376196,0.9990087232355274
2016-09-09,000657.SZ,50.228,50.713,49.925,49.955,5138517.0,-0.961,50.277,3.029,2.092,2.092,0,交易,23.87906309751434,24.009560229445505,102924.72709063596,0.9914025989391281,0.9844615778991579,1.006445801221099
2016-09-12,000657.SZ,48.501,48.774,46.956,47.683,8954759.0,-4.548,48.141,3.029,3.647,3.647,0,交易,13.074581848094326,13.298875788319167,190705.3198739245,0.9870217738959282,0.962726042563661,1.0096051003502295
2016-09-13,000657.SZ,47.683,49.168,47.683,48.289,3986315.0,1.271,48.26,3.029,1.623,1.623,0,交易,29.752926678989528,29.379544054220577,83600.33974372418,0.9815327041978522,0.9697974292222584,0.9993994491499099
2016-09-14,000657.SZ,47.865,48.774,47.653,48.198,4438046.0,-0.188,48.243,3.029,1.807,1.807,0,交易,26.67293857221915,26.488655229662427,93132.56248294967,0.9891130520359208,0.9770164431869438,1.0009336486991163
2016-09-19,000657.SZ,48.471,53.015,48.471,51.864,19749541.0,7.605,51.787,3.029,8.042,8.042,0,交易,6.449142004476498,6.027232031832877,407450.661220111,0.9768367443176459,0.9142884089408657,0.9985153478327935
2016-09-20,000657.SZ,50.592,51.379,50.319,50.592,9132606.0,-2.453,50.857,3.029,3.719,3.719,0,交易,13.603656897015327,13.603656897015327,181494.18708638882,0.9898402070884992,0.9793690029000176,1.0052379822896902
2016-09-21,000657.SZ,50.592,51.773,50.349,50.743,6005929.0,0.299,51.089,3.029,2.446,2.446,0,交易,20.745298446443172,20.683565004088305,119285.96397147908,0.9867884804821044,0.9724953160913988,1.006818674496975
2016-09-22,000657.SZ,51.076,51.409,50.289,50.804,5685266.0,0.119,50.736,3.029,2.315,2.315,0,交易,21.945572354211663,22.06306695464363,113051.88013283223,0.9869089070007196,0.9782139314127877,0.9986615227147467
2016-09-23,000657.SZ,50.592,51.197,50.41,50.804,5248304.0,0.0,50.847,3.029,2.137,2.137,0,交易,23.77351427234441,23.67430978006551,104112.35865899624,0.9931636619333164,0.9846280055471999,1.0008463900480278
2016-09-26,000657.SZ,50.501,50.501,48.319,48.38,6967125.0,-4.77,49.06,3.029,2.837,2.837,0,交易,17.05322523792739,17.800845964046527,144190.17363769945,0.9714659115661077,0.9567929347933706,1.014055394791236
2016-09-27,000657.SZ,47.895,48.925,47.804,48.925,3914366.0,1.127,48.497,3.029,1.594,1.594,0,交易,30.693224592220826,30.047051442910917,81883.64990377374,0.9912519161982627,0.9770873786407768,0.9912519161982627
2016-09-28,000657.SZ,49.228,49.38,48.319,48.38,3639232.0,-1.115,48.618,3.029,1.482,1.482,0,交易,32.64507422402159,33.21727395411606,75316.79049649206,0.9845686512758202,0.9785135682462536,1.0049193881769327
2016-09-29,000657.SZ,48.501,49.077,48.198,48.198,3951153.0,-0.376,48.68,3.029,1.609,1.609,0,交易,29.95525170913611,30.143567433188313,81977.53018797461,0.9919106709864092,0.9820893697658781,1.0100004149549773
2016-09-30,000657.SZ,48.41,48.986,48.107,48.713,2995003.0,1.069,48.526,3.029,1.22,1.22,0,交易,39.928688524590164,39.68032786885246,62257.1143492631,0.9906095619156495,0.9820560976605561,0.9961611890049884
2016-10-10,000657.SZ,48.986,49.774,48.592,49.622,6680535.0,1.866,49.229,3.029,2.72,2.72,0,交易,18.243382352941175,18.00955882352941,137482.198715838,0.9890505082975047,0.9762526620323864,0.9920801257506751
2016-10-11,000657.SZ,49.774,50.41,49.622,50.167,7151243.0,1.099,49.952,3.029,2.912,2.912,0,交易,17.227678571428573,17.09271978021978,144114.3645963484,0.9909145010910534,0.9843681809164849,0.9957143141906033
2016-10-12,000657.SZ,49.925,49.925,49.38,49.471,5600356.0,-1.389,49.529,3.029,2.281,2.281,0,交易,21.68829460762823,21.887330118369135,113413.44673957067,0.9920681021532299,0.9890836254381573,1.0011724040346872
2016-10-13,000657.SZ,49.289,50.137,49.259,49.622,4827218.0,0.306,49.663,3.029,1.966,1.966,0,交易,25.240081383519836,25.070701932858597,97996.67065916889,0.9905459042224305,0.9824879829267806,1.0008262464229576
2016-10-14,000657.SZ,49.925,50.137,49.41,49.652,5349500.0,0.061,49.797,3.029,2.178,2.178,0,交易,22.797061524334254,22.92240587695133,108267.55717466101,0.9932185810878194,0.9854997307377784,1.002920325465238
2016-10-17,000657.SZ,49.44,50.349,48.925,49.047,5629376.0,-1.22,49.784,3.029,2.292,2.292,0,交易,21.399214659685864,21.570680628272253,115061.33878385284,0.9887783272756162,0.9717174124610221,1.0150264032458662
2016-10-18,000657.SZ,49.077,49.592,48.471,49.44,6277643.0,0.803,49.019,3.029,2.556,2.556,0,交易,19.342723004694836,19.200704225352112,129513.37913391514,0.9884457170511373,0.9773955476689788,0.9914846278317152
2016-10-19,000657.SZ,50.622,51.076,49.774,49.986,9398828.0,1.103,50.502,3.029,3.827,3.827,0,交易,13.061405800888425,13.227593415207735,188830.07192510145,0.9887618450935861,0.974508575456183,1.0103228904093147
2016-10-20,000657.SZ,49.774,50.228,49.592,49.986,4597139.0,0.0,49.845,3.029,1.872,1.872,0,交易,26.701923076923073,26.588675213675213,92699.20551701888,0.9923747710440392,0.9873377399060285,0.9971792101788501
2016-10-21,000657.SZ,50.077,50.379,49.047,49.531,5950707.0,-0.909,49.756,3.029,2.423,2.423,0,交易,20.442014032191498,20.667354519191083,121326.62548168085,0.9876337362790052,0.9735604120764604,1.004542609678787
2016-10-24,000657.SZ,49.289,50.501,49.047,49.955,8239753.0,0.856,49.93,3.029,3.355,3.355,0,交易,14.889716840536511,14.691207153502235,167997.08442922097,0.9886932932021149,0.9712084909209718,0.9994995495946352
2016-10-25,000657.SZ,50.319,50.894,49.986,50.743,9576949.0,1.577,50.458,3.029,3.9,3.9,0,交易,13.011025641025642,12.902307692307692,191592.6259352619,0.9914331748339686,0.9821589971312925,0.994383461758272
2016-10-26,000657.SZ,50.773,50.894,49.925,50.289,7593598.0,-0.896,50.405,3.029,3.092,3.092,0,交易,16.264230271668822,16.420763260025875,152100.11016524787,0.9903917947105749,0.980960427555311,1.0023066674620693
2016-10-27,000657.SZ,50.137,50.592,49.713,49.774,5293237.0,-1.024,50.037,3.029,2.155,2.155,0,交易,23.0969837587007,23.26542923433875,106475.91173334942,0.9890298861480076,0.9826257115749526,1.0052838831518462
2016-10-28,000657.SZ,49.774,50.046,49.077,49.107,5570534.0,-1.339,49.425,3.029,2.268,2.268,0,交易,21.652116402116405,21.946208112874782,113506.00077429347,0.9875914158973744,0.9806378132118451,1.006475655201906
2016-10-31,000657.SZ,49.168,49.501,48.713,49.198,4052619.0,0.185,49.147,3.029,1.65,1.65,0,交易,29.8169696969697,29.79878787878788,83193.78810584443,0.9928486293206198,0.9840811296741481,0.9989633724948168
2016-11-01,000657.SZ,49.259,49.531,48.956,49.38,5395972.0,0.369,49.226,3.029,2.197,2.197,0,交易,22.476103777878926,22.421028675466545,110220.85137674646,0.9938422402131998,0.9883911085986554,0.996881328473066
2016-11-02,000657.SZ,49.259,49.41,48.562,48.834,6664192.0,-1.104,48.987,3.029,2.714,2.714,0,交易,17.993367722918205,18.149963154016213,137230.59182076523,0.9914389799635702,0.9828374822910342,1.0031330630298563
2016-11-03,000657.SZ,48.774,49.228,48.683,48.713,6086057.0,-0.248,48.964,3.029,2.478,2.478,0,交易,19.658192090395477,19.682808716707022,125014.00899698047,0.9946371983424067,0.9889290647598927,1.0051526286617536
2016-11-04,000657.SZ,48.834,50.804,48.653,49.683,11568738.0,1.99,49.701,3.029,4.711,4.711,0,交易,10.54616854171089,10.365952027170453,237780.5685158161,0.9782891110936146,0.9576608141091252,1.0003622969627437
2016-11-07,000657.SZ,49.652,50.379,48.834,50.046,11761108.0,0.732,49.782,3.029,4.789,4.789,0,交易,10.450198371267488,10.367926498225101,240838.51414997745,0.9881498243315667,0.9693324599535522,0.9947248531351156
2016-11-08,000657.SZ,50.228,50.44,49.531,49.652,6353195.0,-0.787,49.781,3.029,2.587,2.587,0,交易,19.192887514495553,19.41553923463471,128267.04488098362,0.9869349722442506,0.9819785884218875,1.0025980826552807
2016-11-09,000657.SZ,49.925,50.107,48.501,49.107,8266063.0,-1.098,49.244,3.029,3.366,3.366,0,交易,14.589126559714794,14.832144979203802,170430.77462320364,0.9827768575248967,0.9679485900173628,1.0027898262976764
2016-11-10,000657.SZ,49.652,50.773,49.652,50.137,12726383.0,2.097,50.295,3.029,5.182,5.182,0,交易,9.675221922037823,9.581628714781937,256311.58865705307,0.9905855474366296,0.9779213361432257,1.00315136525919
2016-11-11,000657.SZ,49.864,52.682,49.683,52.046,25980318.0,3.807,51.531,3.029,10.58,10.58,0,交易,4.919281663516068,4.713043478260869,522921.6834732202,0.9781519304506282,0.9430735355529403,0.9901049071974791
2016-11-14,000657.SZ,50.349,51.743,50.319,51.016,16870066.0,-1.979,51.035,3.029,6.87,6.87,0,交易,7.425909752547307,7.328820960698689,335262.3462310459,0.9863169897377422,0.9724793691900354,1.0003724321781402
2016-11-15,000657.SZ,51.107,52.015,50.773,50.894,10513620.0,-0.238,51.355,3.029,4.281,4.281,0,交易,11.888343844896053,11.938098575099277,207071.08108640419,0.9873113524944727,0.9761222724214169,1.009058042205368
2016-11-16,000657.SZ,50.864,50.955,50.016,50.44,7641049.0,-0.893,50.398,3.029,3.112,3.112,0,交易,16.20822622107969,16.344473007712082,152772.09293026233,0.9890687861838878,0.9815719752722991,0.9991673275178431
2016-11-17,000657.SZ,50.501,51.743,50.016,51.682,11969136.0,2.462,51.007,3.029,4.874,4.874,0,交易,10.603610997127618,10.361304883052934,239306.14203454895,0.9857758537386699,0.9666235046286453,0.9869393599318911
2016-11-18,000657.SZ,51.409,51.409,50.289,50.501,6778275.0,-2.286,50.868,3.029,2.76,2.76,0,交易,18.297463768115943,18.62644927536232,134786.43440911532,0.9894765507984984,0.9782139314127877,1.0072671828280628
2016-11-21,000657.SZ,50.592,50.985,50.258,50.592,6502456.0,0.18,50.551,3.029,2.648,2.648,0,交易,19.10574018126888,19.10574018126888,129381.51140116996,0.9914876924585663,0.9857409041875062,0.999189595192916
2016-11-22,000657.SZ,50.561,51.743,50.44,51.47,9882046.0,1.737,51.091,3.029,4.024,4.024,0,交易,12.790755467196819,12.564860834990059,195916.85170499605,0.987399261735887,0.974817849757455,0.9926364872741403
2016-11-23,000657.SZ,51.258,51.864,50.925,50.925,8602037.0,-1.059,51.316,3.029,3.503,3.503,0,交易,14.537539252069653,14.632600628033115,168915.79774177715,0.9894339040567639,0.9818949560388709,1.0076779577810506
2016-11-24,000657.SZ,50.955,52.53,50.955,51.5,14156812.0,1.13,51.895,3.029,5.765,5.765,0,交易,8.933217692974848,8.83868169991327,277829.69286625454,0.9879116695221778,0.9700171330668189,1.0076699029126215
2016-11-25,000657.SZ,51.924,51.924,50.046,51.137,7501113.0,-0.706,50.753,3.029,3.055,3.055,0,交易,16.738788870703765,16.996399345335515,149884.36638292772,0.9774478083352592,0.9638317541021493,0.9924907601149853
2016-11-28,000657.SZ,51.288,52.409,51.107,52.076,13656436.0,1.836,51.857,3.029,5.561,5.561,0,交易,9.364502787268478,9.222801654378708,267212.63232042576,0.9894674578793718,0.9751569386937358,0.9957946078807896
2016-11-29,000657.SZ,51.773,51.773,50.622,50.682,8728410.0,-2.676,51.061,3.029,3.554,3.554,0,交易,14.260551491277436,14.567529544175578,172423.2547113903,0.9862476580456995,0.9777683348463484,1.0074780000789234
2016-11-30,000657.SZ,50.289,50.44,48.895,49.198,10664229.0,-2.929,49.443,3.029,4.343,4.343,0,交易,11.328114206769515,11.579323048583928,218104.69373146538,0.9802339413164155,0.9693695479777955,1.0049798772307816
2016-12-01,000657.SZ,49.077,49.501,48.986,49.228,4608215.0,0.062,49.233,3.029,1.877,1.877,0,交易,26.226957911561,26.146510388918486,94072.08181929532,0.9945859679602432,0.989596169774348,1.000101568213212
2016-12-02,000657.SZ,49.077,49.259,47.653,47.653,7117462.0,-3.2,48.249,3.029,2.898,2.898,0,交易,16.443409247757074,16.934782608695652,149360.20817157367,0.9794961326864127,0.9673968208855235,1.0125070824502131
2016-12-05,000657.SZ,47.199,47.653,46.744,46.865,4054503.0,-1.653,47.171,3.029,1.651,1.651,0,交易,28.385826771653544,28.588128407026044,86738.46910833476,0.9898852118439553,0.9809246007596584,1.00652939293716
2016-12-06,000657.SZ,47.108,47.471,46.835,47.017,3950342.0,0.323,47.054,3.029,1.609,1.609,0,交易,29.22125543816035,29.277812305779985,84345.93786697982,0.9912156895789009,0.9866023466958775,1.0007869494012804
2016-12-07,000657.SZ,47.108,47.441,46.411,47.411,3944837.0,0.838,47.039,3.029,1.606,1.606,0,交易,29.521170610211705,29.33250311332503,84997.88843162182,0.9915263168988849,0.9782888219051031,0.9921537196009365
2016-12-08,000657.SZ,47.653,48.622,47.471,47.532,5877065.0,0.256,48.022,3.029,2.393,2.393,0,交易,19.8629335562056,19.913497701629755,123803.2693644541,0.9876599070379664,0.9763275883344987,1.01030884456787
2016-12-09,000657.SZ,47.108,47.441,46.744,46.926,3846233.0,-1.275,47.06,3.029,1.566,1.566,0,交易,29.96551724137931,30.081736909323112,82282.92401163786,0.9919689719862567,0.9853080668619969,1.0028555598175852
2016-12-12,000657.SZ,46.502,47.108,43.563,43.684,7451987.0,-6.908,44.979,3.029,3.035,3.035,0,交易,14.393410214168037,15.321911037891269,171062.30057617702,0.9548059777532479,0.9247473889785176,1.029644721179379
2016-12-13,000657.SZ,43.836,44.442,42.594,43.957,4745407.0,0.624,43.565,3.029,1.932,1.932,0,交易,22.75207039337474,22.68944099378882,111410.22209700897,0.9802664146528058,0.9584177129742136,0.9910821939622813
2016-12-14,000657.SZ,43.896,44.169,43.109,43.321,3321737.0,-1.447,43.575,3.029,1.353,1.353,0,交易,32.018477457501845,32.44345898004435,77054.37379665498,0.9865516538748897,0.9760012678575473,1.0058632072205167
2016-12-15,000657.SZ,42.866,44.381,42.806,43.684,4198323.0,0.839,43.871,3.029,1.71,1.71,0,交易,25.546198830409356,25.067836257309942,98077.90963883568,0.9885085960208198,0.9645118406525314,1.0042807435216556
2016-12-16,000657.SZ,43.866,43.987,43.412,43.957,2696714.0,0.624,43.733,3.029,1.098,1.098,0,交易,40.033697632058285,39.950819672131146,62119.091495439054,0.9942255666446904,0.9869279559869961,0.9949041108355893
2016-12-19,000657.SZ,44.018,44.624,43.806,44.26,2632183.0,0.689,44.244,3.029,1.072,1.072,0,交易,41.287313432835816,41.0615671641791,60087.271150070774,0.9914844030118322,0.9816690570096808,0.9996384997740624
2016-12-20,000657.SZ,44.169,48.41,43.957,45.957,10120380.0,3.833,46.302,3.029,4.121,4.121,0,交易,11.151904877456927,10.718029604464935,230233.63741838615,0.956455277835158,0.9080148729601323,1.0075070174293361
2016-12-21,000657.SZ,45.957,46.502,45.593,46.138,4434598.0,0.396,45.973,3.029,1.806,1.806,0,交易,25.547065337763012,25.4468438538206,97264.88715372974,0.988624145198056,0.9804524536579072,0.9964237721617756
2016-12-22,000657.SZ,46.199,46.441,45.532,46.138,2687433.0,0.0,45.987,3.029,1.094,1.094,0,交易,42.17367458866544,42.22943327239488,59022.95089168058,0.9902241553799445,0.9804267780624878,0.9967272096753219
2016-12-23,000657.SZ,46.108,46.32,44.805,44.836,3280861.0,-2.823,45.287,3.029,1.336,1.336,0,交易,33.55988023952096,34.511976047904184,73225.33199419707,0.9776986183074265,0.9672927461139896,1.0100588812561335
2016-12-26,000657.SZ,44.836,44.957,43.503,44.624,2554405.0,-0.473,44.154,3.029,1.04,1.04,0,交易,42.90769230769231,43.11153846153846,58717.90451233248,0.9821384878884267,0.9676579842961052,0.989467551093582
2016-12-27,000657.SZ,44.533,44.957,44.109,44.199,2521400.0,-0.95,44.572,3.029,1.027,1.027,0,交易,43.03700097370984,43.362220058422594,57162.93726903806,0.991436261316369,0.9811375314189115,1.0084391049571257
2016-12-28,000657.SZ,44.23,44.412,43.896,43.957,2417900.0,-0.548,44.128,3.029,0.985,0.985,0,交易,44.626395939086294,44.90355329949238,55082.467650811006,0.9936053318922814,0.9883815185085113,1.0038901653889027
2016-12-29,000657.SZ,44.018,44.23,43.321,43.503,2289684.0,-1.034,43.841,3.029,0.932,0.932,0,交易,46.67703862660944,47.22961373390558,52853.904572839965,0.9912050644359033,0.9794483382319693,1.0077695791094867
2016-12-30,000657.SZ,43.594,44.078,43.503,44.018,1823947.0,1.184,43.835,3.029,0.743,0.743,0,交易,59.24360699865411,58.67294751009422,41926.924579914026,0.9944870456917283,0.9869549435092335,0.9958426098414285
2017-01-03,000657.SZ,44.078,44.593,43.957,44.533,3022141.0,1.17,44.382,3.029,1.231,1.231,0,交易,36.17627944760357,35.806661251015434,68752.21238938053,0.9952683156549232,0.9857376718319018,0.9966092560573058
2017-01-04,000657.SZ,44.533,44.987,44.29,44.805,2418675.0,0.612,44.682,3.029,0.985,0.985,0,交易,45.48730964467005,45.21116751269036,54609.95710092572,0.9932202636317158,0.9845066352501833,0.997254770672916
2017-01-05,000657.SZ,44.714,45.078,44.472,44.593,2425887.0,-0.473,44.714,3.029,0.988,0.988,0,交易,45.13461538461539,45.25708502024291,54548.637344846196,0.9919251075912862,0.9865566351657127,1.0027134303590248
2017-01-06,000657.SZ,44.472,44.533,43.715,43.896,2860831.0,-1.562,44.058,3.029,1.165,1.165,0,交易,37.67896995708154,38.17339055793991,65442.7770788059,0.9893337524981474,0.9816315990389151,1.0036905412793877
2017-01-09,000657.SZ,43.775,44.624,43.503,44.533,2859996.0,1.449,44.003,3.029,1.165,1.165,0,交易,38.22575107296137,37.57510729613734,65742.50051720571,0.9860837217640731,0.974878988884905,0.9880987133137223
2017-01-10,000657.SZ,44.29,45.32,43.745,44.714,5316425.0,0.408,44.495,3.029,2.165,2.165,0,交易,20.65311778290993,20.45727482678984,121532.17510572638,0.9817961165048543,0.9652471315092673,0.9951022051259113
2017-01-11,000657.SZ,44.23,45.744,44.23,45.32,6141735.0,1.355,44.969,3.029,2.501,2.501,0,交易,18.120751699320273,17.684926029588166,138859.03233099708,0.9830578873732074,0.9669027632039174,0.9922550750220653
2017-01-12,000657.SZ,45.108,45.32,42.473,43.927,3834958.0,-3.075,44.515,3.029,1.562,1.562,0,交易,28.12227912932138,28.87836107554417,90291.66764768206,0.9822374227714034,0.937180052956752,1.0133858446968835
2017-01-13,000657.SZ,43.927,44.139,42.957,42.988,2853563.0,-2.138,43.59,3.029,1.162,1.162,0,交易,36.994836488812396,37.80292598967298,66428.35859114928,0.9875620199823286,0.9732209610548495,1.0140039080673677
2017-01-16,000657.SZ,42.715,42.897,38.686,40.322,5600551.0,-6.202,41.162,3.029,2.281,2.281,0,交易,17.677334502411224,18.72643577378343,144769.45148115596,0.9595542811851645,0.9018346271301023,1.0208322999851196
2017-01-17,000657.SZ,39.958,40.776,39.443,40.716,2111632.0,0.977,40.241,3.029,0.86,0.86,0,交易,47.34418604651163,46.462790697674414,53536.29287833076,0.9868795369825386,0.967309201491073,0.988333824540721
2017-01-18,000657.SZ,40.625,41.019,40.322,40.564,1509162.0,-0.372,40.624,3.029,0.615,0.615,0,交易,65.95772357723577,66.0569105691057,37427.756559694455,0.9903703161949341,0.9830078743996685,1.0014791440686324
2017-01-19,000657.SZ,40.322,43.472,40.291,41.443,4402658.0,2.166,41.856,3.029,1.793,1.793,0,交易,23.11377579475739,22.488566648075853,109271.49983867366,0.9628266470371734,0.9268264630106734,1.0099654947759575
2017-01-20,000657.SZ,41.564,42.109,41.2,41.958,2396780.0,1.243,41.601,3.029,0.976,0.976,0,交易,42.989754098360656,42.58606557377049,58174.27184466019,0.9879360706737277,0.9784131658315325,0.9914914914914915
2017-01-23,000657.SZ,42.351,43.109,41.806,42.109,3390200.0,0.361,42.488,3.029,1.381,1.381,0,交易,30.491672700941347,30.666908037653872,81093.62292493902,0.9855946554083833,0.9697742930710523,1.009000451209955
2017-01-24,000657.SZ,42.139,42.715,41.564,41.655,1981199.0,-1.079,41.837,3.029,0.807,0.807,0,交易,51.61710037174721,52.21685254027261,47666.2255798287,0.9794451597799367,0.9730539623083225,1.0043692233825472
2017-01-25,000657.SZ,41.564,42.2,41.564,41.958,1715300.0,0.727,42.036,3.029,0.698,0.698,0,交易,60.11174785100287,59.54727793696276,41268.88653642575,0.9961137440758293,0.9849289099526066,1.001859001859002
2017-01-26,000657.SZ,42.261,43.927,42.261,43.563,4833723.0,3.827,43.299,3.029,1.968,1.968,0,交易,22.135670731707318,21.47408536585366,114377.86611769717,0.9857035536230564,0.9620734400254969,0.9939398113077611
2017-02-03,000657.SZ,43.563,43.624,42.776,42.866,2326878.0,-1.599,43.041,3.029,0.948,0.948,0,交易,45.21729957805908,45.95253164556963,54396.81129605386,0.9866357968090957,0.9805611589950486,1.004082489618812
2017-02-06,000657.SZ,42.806,43.291,42.412,43.291,2959365.0,0.989,42.944,3.029,1.205,1.205,0,交易,35.92614107883817,35.52365145228215,69776.59624634538,0.9919844771430553,0.9796955487283732,0.9919844771430553
2017-02-07,000657.SZ,43.351,44.018,43.139,43.503,2893449.0,0.49,43.544,3.029,1.178,1.178,0,交易,36.9295415959253,36.80050933786078,67072.69524096524,0.9892316779499295,0.9800308964514517,1.000942463738133
2017-02-08,000657.SZ,43.503,43.563,43.048,43.503,2011063.0,0.0,43.273,3.029,0.819,0.819,0,交易,53.117216117216124,53.117216117216124,46716.75803753949,0.9933429745426164,0.9881780409980947,0.9947130082982784
2017-02-09,000657.SZ,43.533,43.594,43.2,43.563,2177796.0,0.139,43.414,3.029,0.887,0.887,0,交易,49.11273957158963,49.07891770011274,50411.94444444444,0.9958709914208377,0.9909620589989449,0.9965796662305167
2017-02-10,000657.SZ,43.351,44.442,43.2,44.048,4711933.0,1.113,43.848,3.029,1.919,1.919,0,交易,22.95362167795727,22.59041167274622,109072.52314814815,0.9866342648845686,0.9720534629404618,0.9954594987286596
2017-02-13,000657.SZ,44.381,45.078,43.866,44.199,5156625.0,0.344,44.36,3.029,2.1,2.1,0,交易,21.047142857142855,21.13380952380952,117554.02817672,0.9840720528861084,0.9731132703314255,1.0036426163487862
2017-02-14,000657.SZ,43.987,44.26,43.563,44.018,3433300.0,-0.411,43.871,3.029,1.398,1.398,0,交易,31.486409155937057,31.464234620886984,78812.29483736197,0.9912110257568912,0.9842521464075916,0.9966604570857377
2017-02-15,000657.SZ,43.745,43.775,42.715,42.836,4462022.0,-2.684,43.221,3.029,1.817,1.817,0,交易,23.57512383048982,24.07539900935608,104460.30668383471,0.987344374643061,0.9757852655625358,1.008987767298534
2017-02-16,000657.SZ,42.866,44.624,42.866,44.048,7620670.0,2.829,43.996,3.029,3.103,3.103,0,交易,14.195294875926523,13.814373187238155,177778.89236224513,0.9859268555037648,0.9606041591968447,0.9988194696694516
2017-02-17,000657.SZ,44.048,44.078,43.079,43.079,4497715.0,-2.201,43.363,3.029,1.832,1.832,0,交易,23.514737991266376,24.04366812227074,104406.20720072425,0.9837787558419165,0.9773356322882163,1.0065925392882842
2017-02-20,000657.SZ,43.018,43.442,42.927,43.351,2890485.0,0.633,43.237,3.029,1.177,1.177,0,交易,36.83177570093458,36.548853016142736,67334.8941225802,0.995281064407716,0.9881451130242622,0.9973703028765196
2017-02-28,000657.SZ,43.169,47.683,43.048,47.683,41625508.0,9.993,46.879,3.029,16.951,16.951,0,交易,2.8129903840481387,2.546693410418264,966955.677383386,0.9831386448000335,0.902795545582283,0.9831386448000335
2017-03-01,000657.SZ,47.229,48.713,46.29,47.683,38435784.0,0.0,47.489,3.029,15.652,15.652,0,交易,3.0464477383082036,3.0174418604651163,830325.8587167854,0.9748732371235603,0.950259684273192,0.9959314640437892
2017-03-02,000657.SZ,47.077,49.955,46.562,48.107,36416809.0,0.889,48.544,3.029,14.829,14.829,0,交易,3.2441162586823116,3.1746577651898304,782114.3636441734,0.9717545791212091,0.9320788709838855,1.0090839171014612
2017-03-03,000657.SZ,47.562,49.864,47.259,49.471,30792431.0,2.834,48.792,3.029,12.539,12.539,0,交易,3.945370444214052,3.793125448600367,651567.5532702765,0.9785015241456764,0.9477579014920584,0.9862747872490956
2017-03-06,000657.SZ,48.774,48.925,47.986,48.622,18793309.0,-1.715,48.454,3.029,7.653,7.653,0,交易,6.353325493270614,6.3731869854958845,391641.49960405123,0.990373019928462,0.9808073582013286,0.9965447739706306
2017-03-07,000657.SZ,48.38,48.441,47.199,47.744,16701136.0,-1.807,47.556,3.029,6.801,6.801,0,交易,7.020144096456403,7.113659755918247,353845.12383736944,0.9817303523874403,0.9743605623335603,0.9960623324396782
2017-03-08,000657.SZ,47.32,48.683,47.108,48.683,15626051.0,1.967,47.815,3.029,6.363,6.363,0,交易,7.65095080936665,7.436743674367436,331706.9499872633,0.9821703674794076,0.9676478442166669,0.9821703674794076
2017-03-09,000657.SZ,48.168,48.229,46.562,46.684,13834090.0,-4.107,47.216,3.029,5.633,5.633,0,交易,8.287590981714894,8.551038522989526,297111.1636098106,0.9789960397271351,0.9654357336872006,1.0113957672864367
2017-03-10,000657.SZ,46.532,47.017,46.169,46.35,8132202.0,-0.714,46.456,3.029,3.312,3.312,0,交易,13.994565217391305,14.04951690821256,176139.87740691807,0.9880681455643703,0.9819639704787628,1.002286947141316
2017-03-13,000657.SZ,46.29,46.896,45.623,46.896,8969813.0,1.176,46.421,3.029,3.653,3.653,0,交易,12.837667670407884,12.671776621954558,196607.2594963067,0.9898712043671102,0.9728548277038552,0.9898712043671102
2017-03-14,000657.SZ,46.653,46.865,45.896,45.987,8280625.0,-1.938,46.223,3.029,3.372,3.372,0,交易,13.637900355871887,13.83540925266904,180421.49642670384,0.9863010775632134,0.9793235890323269,1.0051318850979625
2017-03-15,000657.SZ,45.835,46.532,45.532,46.199,6544210.0,0.461,46.09,3.029,2.665,2.665,0,交易,17.33545966228893,17.19887429643527,143727.70798559257,0.9905011604917048,0.9785094128771598,0.9976406415723286
2017-03-16,000657.SZ,46.502,47.259,46.35,46.956,12225424.0,1.639,46.917,3.029,4.978,4.978,0,交易,9.43270389714745,9.34150261149056,263763.1930960086,0.9927632831841554,0.9807655684631499,0.9991694352159468
2017-03-17,000657.SZ,46.653,47.592,45.896,45.926,11498690.0,-2.194,46.876,3.029,4.682,4.682,0,交易,9.809055958991884,9.964331482272533,250537.95537737492,0.9849554546982686,0.9643637586148933,1.0206854505073377
2017-03-20,000657.SZ,45.926,46.472,45.139,45.623,8376069.0,-0.66,45.76,3.029,3.411,3.411,0,交易,13.375256523013778,13.464086778070948,185561.68723276988,0.9846789464623859,0.9713160612842142,1.0030028713587444
2017-03-21,000657.SZ,45.502,45.775,44.775,44.987,7880672.0,-1.394,45.17,3.029,3.209,3.209,0,交易,14.019009037083205,14.17949516983484,176006.07481853713,0.986783178590934,0.9781540141998908,1.0040678418209705
2017-03-22,000657.SZ,44.866,45.381,44.533,45.26,7451894.0,0.606,44.914,3.029,3.035,3.035,0,交易,14.912685337726522,14.782866556836902,167334.2016033054,0.9897093497278597,0.9813137656728587,0.9923552806009722
2017-03-23,000657.SZ,45.017,45.29,43.684,44.199,7760050.0,-2.343,44.491,3.029,3.16,3.16,0,交易,13.987025316455695,14.245886075949368,177640.55489424046,0.9823581364539633,0.9645396334731728,1.0066064843095999
2017-03-24,000657.SZ,44.29,44.442,43.109,43.624,7501126.0,-1.302,43.615,3.029,3.055,3.055,0,交易,14.279541734860883,14.497545008183305,174003.71152195596,0.9813914765312093,0.9700058503217678,0.999793691545938
2017-03-27,000657.SZ,43.533,43.927,43.169,43.836,5046337.0,0.486,43.584,3.029,2.055,2.055,0,交易,21.331386861313867,21.183941605839415,116897.24107577198,0.9921915905934847,0.982744098162861,0.9942513003011225
2017-03-28,000657.SZ,43.745,44.169,43.503,43.715,4702474.0,-0.276,43.846,3.029,1.915,1.915,0,交易,22.827676240208877,22.843342036553523,108095.39571983542,0.9926871787905545,0.9849215513142703,1.0029966830607342
2017-03-29,000657.SZ,43.715,44.078,43.26,43.866,4850903.0,0.347,43.728,3.029,1.975,1.975,0,交易,22.210632911392405,22.134177215189876,112133.68007397134,0.9920595308317074,0.9814419892009618,0.9968540555327589
2017-03-30,000657.SZ,43.866,44.714,43.715,43.745,9964187.0,-0.276,44.189,3.029,4.058,4.058,0,交易,10.779940857565302,10.809758501724987,227935.1938693812,0.9882587109182807,0.9776580042044998,1.010149731397874
2017-03-31,000657.SZ,44.23,44.23,42.079,42.23,8415806.0,-3.463,42.854,3.029,3.427,3.427,0,交易,12.322731251823752,12.906332068864895,200000.14258893984,0.9688898937372824,0.95136784987565,1.0147762254321573
2017-04-05,000657.SZ,42.17,43.624,41.897,43.321,6914925.0,2.582,42.741,3.029,2.816,2.816,0,交易,15.383877840909092,14.975142045454547,165045.82667016733,0.9797588483403631,0.9604116999816614,0.9866115740633873
2017-04-06,000657.SZ,43.321,43.684,42.866,42.866,5139480.0,-1.049,43.276,3.029,2.093,2.093,0,交易,20.48064978499761,20.698041089345438,119896.4214062427,0.9906601959527517,0.9812746085523304,1.0095646899640742
2017-04-07,000657.SZ,42.897,43.715,42.897,43.23,5386839.0,0.848,43.35,3.029,2.194,2.194,0,交易,19.70373746581586,19.551959890610757,125576.12420448982,0.991650463227725,0.9812878874528193,1.0027758501040944
2017-04-10,000657.SZ,43.291,43.291,41.443,41.746,6757475.0,-3.434,42.151,3.029,2.752,2.752,0,交易,15.16933139534884,15.730741279069768,163054.6775088676,0.9736665819685386,0.9573121434016308,1.0097015282901356
2017-04-11,000657.SZ,41.746,42.049,40.322,41.382,7152789.0,-0.871,41.089,3.029,2.913,2.913,0,交易,14.205973223480948,14.330930312392724,177391.72164079163,0.9771694927346667,0.9589288687008015,0.9929196268909187
2017-04-12,000657.SZ,41.443,41.655,40.443,40.958,4376279.0,-1.025,41.158,3.029,1.782,1.782,0,交易,22.984287317620648,23.25645342312009,108208.56514106273,0.9880686592245829,0.970903853078862,1.0048830509302213
2017-04-13,000657.SZ,40.928,41.352,40.716,41.321,3147787.0,0.888,41.037,3.029,1.282,1.282,0,交易,32.231669266770666,31.925117004680185,77310.81147460458,0.992382472431805,0.9846198491004063,0.9931269814380097
2017-04-14,000657.SZ,41.503,41.594,40.534,40.746,3351593.0,-1.393,40.866,3.029,1.365,1.365,0,交易,29.85054945054945,30.405128205128204,82685.96733606355,0.9824974755974419,0.9745155551281435,1.0029450743631276
2017-04-17,000657.SZ,40.746,40.958,39.383,39.776,3558284.0,-2.379,40.086,3.029,1.449,1.449,0,交易,27.450655624568668,28.12008281573499,90350.76048041032,0.9787098979442356,0.9615459739245081,1.0077936444086886
2017-04-18,000657.SZ,39.776,41.321,39.686,40.291,5373080.0,1.295,40.448,3.029,2.188,2.188,0,交易,18.414533820840948,18.179159049360145,135389.81000856726,0.9788727281527553,0.9604317417293871,1.003896651857735
2017-04-19,000657.SZ,39.383,39.443,36.535,37.474,9261139.0,-6.992,37.87,3.029,3.771,3.771,0,交易,9.937417130734552,10.443648899496155,253486.76611468458,0.9601196663539792,0.9262733564891108,1.0105673266798314
2017-04-20,000657.SZ,37.201,37.716,35.959,36.384,6172903.0,-2.91,36.603,3.029,2.514,2.514,0,交易,14.472553699284012,14.797533810660303,171665.03517895378,0.970489977728285,0.9534149962880476,1.006019129287599
2017-04-21,000657.SZ,36.414,36.686,35.535,35.868,3998381.0,-1.415,36.03,3.029,1.628,1.628,0,交易,22.031941031941034,22.36732186732187,112519.51597017027,0.9821185193261736,0.9686256337567464,1.0045165607226496
2017-04-24,000657.SZ,35.747,35.747,33.96,34.021,4273921.0,-5.152,34.622,3.029,1.74,1.74,0,交易,19.55229885057471,20.54425287356322,125851.6195524146,0.968528827593924,0.9500097910314153,1.0176655595073631
2017-04-25,000657.SZ,34.263,34.808,34.142,34.233,2937793.0,0.623,34.378,3.029,1.196,1.196,0,交易,28.622909698996654,28.64799331103679,86046.30660183937,0.9876465180418295,0.9808664674787406,1.0042356790231648
2017-04-26,000657.SZ,34.293,34.778,34.263,34.596,2483085.0,1.062,34.538,3.029,1.011,1.011,0,交易,34.21958456973294,33.919881305637986,72471.32475264864,0.9930990856288457,0.9851917879118983,0.9983235056075846
2017-04-27,000657.SZ,34.566,34.566,33.112,34.354,4532860.0,-0.701,33.925,3.029,1.846,1.846,0,交易,18.60996749729144,18.72481040086674,136894.7813481517,0.9814557657814036,0.957935543597755,0.9875123711940385
2017-04-28,000657.SZ,34.323,34.626,34.081,34.505,2960137.0,0.441,34.412,3.029,1.205,1.205,0,交易,28.634854771784234,28.48381742738589,86855.93145741028,0.9938196730780339,0.9842603823716284,0.9973047384437037
2017-05-02,000657.SZ,34.899,35.505,34.626,35.323,4277449.0,2.371,35.173,3.029,1.742,1.742,0,交易,20.27726750861079,20.03386911595867,123532.86547680934,0.9906492043374172,0.9752429235318968,0.9957534750728987
2017-05-03,000657.SZ,35.778,38.868,35.778,38.868,17123473.0,10.034,38.417,3.029,6.973,6.973,0,交易,5.574071418327836,5.130933601032554,478603.415506736,0.9883966244725738,0.9205001543686322,0.9883966244725738
2017-05-04,000657.SZ,38.898,39.322,38.11,38.837,16975156.0,-0.078,38.808,3.029,6.913,6.913,0,交易,5.617966150730508,5.626790105598149,445425.2427184466,0.9869284370072732,0.9691775596358272,0.9992532893889846
2017-05-05,000657.SZ,38.474,38.474,37.02,37.535,9957488.0,-3.354,37.674,3.029,4.055,4.055,0,交易,9.256473489519111,9.488039457459926,268975.90491626144,0.9792067370172065,0.9622082445287728,1.003703210337019
2017-05-08,000657.SZ,37.383,38.322,37.05,37.565,5900298.0,0.081,37.682,3.029,2.403,2.403,0,交易,15.632542655014564,15.556803995006243,159252.30769230772,0.9832994102604248,0.9668075778925942,1.0031146013576469
2017-05-09,000657.SZ,37.565,38.928,37.232,38.444,8066569.0,2.339,38.196,3.029,3.285,3.285,0,交易,11.70289193302892,11.435312024353118,216656.88117748173,0.9811960542540075,0.956432387998356,0.9935490583706169
2017-05-10,000657.SZ,38.231,38.504,37.201,37.686,6585942.0,-1.97,37.758,3.029,2.682,2.682,0,交易,14.05145413870246,14.254660700969426,177036.6925620279,0.980625389569915,0.9661593600664866,1.0019105238019423
2017-05-11,000657.SZ,37.868,38.11,34.323,36.929,8077833.0,-2.01,36.101,3.029,3.289,3.289,0,交易,11.22803283672849,11.513529948312557,235347.52206974913,0.9472841773812648,0.9006297559695619,0.9775785967667686
2017-05-12,000657.SZ,36.596,37.292,35.808,36.111,5822068.0,-2.215,36.641,3.029,2.371,2.371,0,交易,15.230282581189371,15.434837621256852,162591.26452189454,0.9825431727984554,0.9602059422932532,1.0146769682368253
2017-05-15,000657.SZ,36.565,36.899,35.656,35.656,3791740.0,-1.258,36.335,3.029,1.544,1.544,0,交易,23.093264248704664,23.681994818652846,106342.2705855957,0.9847150329277217,0.9663134502290034,1.0190430783037918
2017-05-16,000657.SZ,35.747,36.959,35.081,36.808,5406241.0,3.229,36.151,3.029,2.202,2.202,0,交易,16.715712988192553,16.233878292461398,154107.3800632821,0.9781379366324846,0.9491869368759978,0.9821506194305587
2017-05-17,000657.SZ,36.777,37.05,36.353,36.747,4738040.0,-0.165,36.714,3.029,1.929,1.929,0,交易,19.049766718506998,19.065318818040435,130334.22276015734,0.9909311740890688,0.9811875843454791,0.9991019675075516
2017-05-18,000657.SZ,36.656,37.686,36.141,36.414,4341599.0,-0.907,36.884,3.029,1.768,1.768,0,交易,20.596153846153847,20.733031674208142,120129.46515038323,0.9787188876505865,0.9590033434166534,1.0129071236337672
2017-05-19,000657.SZ,37.201,37.656,36.505,37.232,4787762.0,2.246,36.98,3.029,1.95,1.95,0,交易,19.093333333333334,19.077435897435898,131153.5953978907,0.9820480135967707,0.9694338219672829,0.993231628706489
2017-05-22,000657.SZ,36.959,38.777,36.596,37.838,9269380.0,1.627,37.698,3.029,3.775,3.775,0,交易,10.023311258278147,9.790463576158942,253289.43053885672,0.9721742269902262,0.9437553188745905,0.9963000158570748
2017-05-23,000657.SZ,37.868,37.898,35.959,36.202,5874810.0,-4.323,36.944,3.029,2.392,2.392,0,交易,15.134615384615385,15.831103678929768,163375.2329041408,0.9748271676605625,0.9488363502031769,1.0204961051875587
2017-05-24,000657.SZ,35.778,36.656,34.99,36.626,4415058.0,1.172,35.74,3.029,1.798,1.798,0,交易,20.37041156840934,19.89877641824249,126180.56587596456,0.9750109122653864,0.9545504146660848,0.9758095342106702
2017-05-25,000657.SZ,36.626,37.353,36.111,37.05,4261364.0,1.158,36.797,3.029,1.735,1.735,0,交易,21.35446685878962,21.11008645533141,118007.36617651132,0.9851149840708912,0.9667496586619547,0.9931713900134953
2017-05-26,000657.SZ,37.201,37.262,36.686,36.838,2841100.0,-0.572,36.959,3.029,1.157,1.157,0,交易,31.83923941227312,32.15298184961106,77443.71149757401,0.991868391390693,0.9845418925446836,1.0032846517183345
2017-05-31,000657.SZ,37.111,37.414,36.656,36.656,3165065.0,-0.493,36.899,3.029,1.289,1.289,0,交易,28.43754848719938,28.79053529868115,86345.07311217808,0.9862350991607419,0.9797402042016357,1.0066292012221738
2017-06-01,000657.SZ,36.656,37.141,35.141,36.353,4090434.0,-0.826,35.835,3.029,1.666,1.666,0,交易,21.820528211284515,22.002400960384154,116400.61466662872,0.9648367033736303,0.9461511537115317,0.9857508321183946
2017-06-02,000657.SZ,35.929,36.202,34.838,35.717,2591672.0,-1.75,35.493,3.029,1.055,1.055,0,交易,33.854976303317535,34.055924170616116,74392.10057982663,0.9804154466604056,0.9623225236174797,0.9937284766357758
2017-06-05,000657.SZ,35.929,36.202,35.444,35.687,2016100.0,-0.085,35.74,3.029,0.821,0.821,0,交易,43.467722289890375,43.76248477466505,56881.27750818192,0.9872382741285013,0.9790619302800951,1.0014851346428673
2017-06-06,000657.SZ,35.444,35.868,35.444,35.596,2074600.0,-0.255,35.634,3.029,0.845,0.845,0,交易,42.125443786982245,41.94556213017752,58531.768423428504,0.9934760789561726,0.9881788781086205,1.0010675356781662
2017-06-07,000657.SZ,35.596,36.323,35.535,36.111,3713949.0,1.447,36.049,3.029,1.512,1.512,0,交易,23.882936507936506,23.54232804232804,104515.23849725624,0.9924565702172177,0.9783057566830933,0.9982830716402205
2017-06-08,000657.SZ,36.474,37.868,36.353,36.868,8054680.0,2.097,37.388,3.029,3.28,3.28,0,交易,11.240243902439026,11.120121951219511,221568.50878882073,0.987324389986268,0.9599926058941587,1.0141043723554302
2017-06-09,000657.SZ,36.717,37.535,36.384,37.262,5414501.0,1.068,37.144,3.029,2.205,2.205,0,交易,16.898866213151926,16.651700680272107,148815.44085312224,0.9895830558145731,0.9693352870654057,0.9968332349310288
2017-06-12,000657.SZ,37.201,37.262,36.565,37.141,4707362.0,-0.325,36.855,3.029,1.917,1.917,0,交易,19.37454355764215,19.40584246218049,128739.55968822645,0.9890773442112607,0.9812946164993827,0.992299614980749
2017-06-13,000657.SZ,36.989,38.11,36.989,37.716,8490183.0,1.55,37.629,3.029,3.457,3.457,0,交易,10.910037604859706,10.699739658663582,229532.64484035797,0.987378640776699,0.9705851482550512,0.9976932866687876
2017-06-14,000657.SZ,37.383,38.11,37.141,37.292,4735287.0,-1.124,37.518,3.029,1.928,1.928,0,交易,19.342323651452283,19.389522821576765,127494.87089739103,0.9844660194174758,0.9745736027289426,1.0060602810254209
2017-06-15,000657.SZ,37.08,37.565,36.989,37.383,4624317.0,0.244,37.332,3.029,1.883,1.883,0,交易,19.852894317578333,19.691980881571958,125018.70826461921,0.9937974178091309,0.9846665779315852,0.9986357435197817
2017-06-16,000657.SZ,37.08,38.019,37.05,37.474,5905209.0,0.243,37.562,3.029,2.405,2.405,0,交易,15.581704781704781,15.41787941787942,159384.85829959516,0.9879796943633447,0.9745127436281859,1.0023482948177402
2017-06-19,000657.SZ,37.171,38.928,37.08,37.959,6692216.0,1.293,37.863,3.029,2.725,2.725,0,交易,13.929908256880735,13.640733944954128,180480.4746494067,0.9726418002466092,0.9525277435265105,0.9974709555046233
2017-06-20,000657.SZ,38.11,38.322,37.656,38.019,5446486.0,0.16,38.001,3.029,2.218,2.218,0,交易,17.141118124436428,17.18214607754734,144637.93286594434,0.9916236104587441,0.9826209488022545,0.9995265525132171
2017-06-21,000657.SZ,38.292,38.292,37.504,38.231,4468297.0,0.558,37.893,3.029,1.82,1.82,0,交易,21.006043956043957,21.03956043956044,119141.8781996587,0.9895800689439047,0.9794212890420975,0.9911590070884884
2017-06-22,000657.SZ,38.05,38.353,37.323,37.807,4767418.0,-1.109,37.923,3.029,1.941,1.941,0,交易,19.478104070066976,19.603297269448735,127734.05138922381,0.988788360754048,0.9731442129689984,1.003068214880842
2017-06-23,000657.SZ,37.716,37.807,36.838,37.535,3753440.0,-0.721,37.304,3.029,1.528,1.528,0,交易,24.564790575916227,24.68324607329843,101890.43922037027,0.9866955854735896,0.9743698256936546,0.9938457439722926
2017-06-26,000657.SZ,37.565,37.807,37.323,37.807,3427070.0,0.726,37.666,3.029,1.396,1.396,0,交易,27.082378223495706,26.909025787965618,91821.93285641562,0.9962705319120796,0.9871981379109688,0.9962705319120796
2017-06-27,000657.SZ,37.807,37.959,37.353,37.656,3817693.0,-0.401,37.688,3.029,1.555,1.555,0,交易,24.216077170418007,24.313183279742766,102205.79337670334,0.9928607181432598,0.9840354066229352,1.000849798172934
2017-06-28,000657.SZ,37.777,38.08,37.474,37.686,4767738.0,0.08,37.803,3.029,1.941,1.941,0,交易,19.415765069551778,19.46264811952602,127227.89133799436,0.9927258403361344,0.9840861344537815,1.0031046011781564
2017-06-29,000657.SZ,37.807,38.322,37.595,37.747,5731339.0,0.161,37.939,3.029,2.334,2.334,0,交易,16.17266495287061,16.198371893744646,152449.50126346588,0.9900057408277229,0.9810291738427013,1.0050864969401543
2017-06-30,000657.SZ,37.383,37.747,36.989,37.323,4177064.0,-1.124,37.281,3.029,1.701,1.701,0,交易,21.94179894179894,21.977072310405646,112927.19457135905,0.9876546480515007,0.9799189339550162,0.9988746885298609
2017-07-03,000657.SZ,37.323,37.989,37.262,37.989,4408489.0,1.786,37.671,3.029,1.795,1.795,0,交易,21.163788300835655,20.792757660167133,118310.58450968815,0.9916291558082604,0.9808628813603939,0.9916291558082604
2017-07-04,000657.SZ,38.353,40.534,38.353,39.14,19842726.0,3.03,39.479,3.029,8.08,8.08,0,交易,4.844059405940594,4.746658415841584,517370.89667040383,0.9739724675580994,0.9461933191888292,1.008661216147164
2017-07-05,000657.SZ,38.474,39.686,38.474,39.413,10973166.0,0.697,39.165,3.029,4.468,4.468,0,交易,8.821172784243508,8.611011638316919,285209.9079898113,0.9868719447664164,0.9694602630650606,0.9937076599091671
2017-07-06,000657.SZ,39.049,41.382,39.019,40.867,18732054.0,3.689,40.184,3.029,7.628,7.628,0,交易,5.357498689040377,5.1191662296801255,480075.19413619005,0.9710502150693539,0.9428978783045768,0.9832872488805149
2017-07-07,000657.SZ,41.079,43.896,40.776,43.624,32226560.0,6.746,42.226,3.029,13.123,13.123,0,交易,3.324239884172827,3.1303055703726286,790331.5675887776,0.9619555312556952,0.9289229086932751,0.9679534201357051
2017-07-10,000657.SZ,42.715,43.23,41.897,42.23,20312153.0,-3.194,42.582,3.029,8.271,8.271,0,交易,5.1057913190666175,5.164429935920687,484811.63329116645,0.9850104094378904,0.9691649317603517,1.0083353066540375
2017-07-11,000657.SZ,43.472,45.139,41.746,42.109,24505481.0,-0.287,43.239,3.029,9.979,9.979,0,交易,4.219761499148212,4.356348331496142,587013.8695922962,0.9579077959192714,0.9248321850284676,1.0268351183832434
2017-07-12,000657.SZ,41.988,42.988,41.443,42.927,15466278.0,1.942,42.141,3.029,6.298,6.298,0,交易,6.815973324865037,6.666878374087012,373193.9772699853,0.9802968270214943,0.964059737601191,0.9816898455517507
2017-07-13,000657.SZ,42.776,43.896,41.867,42.503,19533137.0,-0.988,42.974,3.029,7.954,7.954,0,交易,5.343600704048278,5.377923057581092,466552.10547686723,0.9789958082741024,0.9537771095316201,1.0110815707126555
2017-07-14,000657.SZ,41.806,42.715,41.352,41.867,9571235.0,-1.497,41.937,3.029,3.898,3.898,0,交易,10.740636223704463,10.724987172909183,231457.60785451732,0.9817862577548869,0.9680908346014279,1.0016719612104998
2017-07-17,000657.SZ,42.109,42.927,38.534,41.412,17535606.0,-1.085,41.859,3.029,7.141,7.141,0,交易,5.799187788825094,5.896793166223218,455068.4071209841,0.9751205534977987,0.8976634752020872,1.0107939727615185
2017-07-18,000657.SZ,40.988,42.321,40.928,42.139,11853146.0,1.756,41.844,3.029,4.827,4.827,0,交易,8.729852910710587,8.491402527449761,289609.70484753716,0.9887289997873397,0.9670848987500296,0.9929993592633901
2017-07-19,000657.SZ,44.836,46.259,43.684,45.744,36904488.0,8.555,45.124,3.029,15.028,15.028,0,交易,3.0439180196965663,2.9834974713867446,844805.6038824284,0.9754642339868999,0.9443351564019974,0.986446309898566
2017-07-20,000657.SZ,44.381,46.956,43.594,46.35,36082791.0,1.325,45.136,3.029,14.693,14.693,0,交易,3.1545633975362417,3.0205540053086506,827700.8533284396,0.9612403100775194,0.928401056308033,0.9738079827400216
2017-07-21,000657.SZ,45.411,46.199,44.26,44.714,19101136.0,-3.529,45.152,3.029,7.778,7.778,0,交易,5.7487786063255335,5.838390331704809,431566.5612291008,0.9773371718002555,0.9580293945756402,1.0097955897481774
2017-07-24,000657.SZ,44.23,45.229,43.503,44.714,14595216.0,0.0,44.329,3.029,5.943,5.943,0,交易,7.523809523809524,7.442369173817937,335499.0690297221,0.9801012624643481,0.9618386433482943,0.9913897213400725
2017-07-25,000657.SZ,44.26,45.108,43.715,44.412,11813619.0,-0.678,44.435,3.029,4.811,4.811,0,交易,9.23134483475369,9.199750571606733,270241.77055930457,0.9850802518400285,0.969118559900683,1.0005178780509774
2017-07-26,000657.SZ,45.29,45.987,44.109,44.624,17483426.0,0.477,44.954,3.029,7.12,7.12,0,交易,6.2674157303370785,6.360955056179775,396368.67759414174,0.9775371300584947,0.9591623719746885,1.007395123700251
2017-07-27,000657.SZ,44.078,44.412,42.715,43.23,14453993.0,-3.123,43.475,3.029,5.886,5.886,0,交易,7.344546381243628,7.488617057424397,338382.1374224511,0.9789020985319283,0.9617896064126814,1.0056673606291928
2017-07-28,000657.SZ,43.321,44.836,42.897,44.321,14227378.0,2.523,44.006,3.029,5.794,5.794,0,交易,7.64946496375561,7.476872626855368,331663.7060866727,0.9814880899277367,0.9567535016504595,0.9928927596398999
2017-07-31,000657.SZ,44.593,46.774,44.472,46.199,28788588.0,4.238,45.623,3.029,11.723,11.723,0,交易,3.9408854388808323,3.8038897893030796,647341.8780356179,0.9753923119681874,0.950784623936375,0.9875321976666162
2017-08-01,000657.SZ,45.593,45.896,44.684,44.987,17833319.0,-2.623,45.226,3.029,7.262,7.262,0,交易,6.194849903607822,6.278297989534565,399098.53638886404,0.9854017779327174,0.9735924699320202,1.005312645875475
2017-08-02,000657.SZ,45.078,46.896,44.26,44.866,23295451.0,-0.269,45.662,3.029,9.486,9.486,0,交易,4.729706936538055,4.752055660974067,526331.9249887031,0.9736864551347663,0.9437905151825315,1.0177417197878127
2017-08-03,000657.SZ,44.593,46.017,44.381,45.654,17510295.0,1.756,45.211,3.029,7.13,7.13,0,交易,6.403085553997196,6.254277699859748,394544.8502737658,0.9824847339026881,0.9644479214203446,0.9902965786130459
2017-08-04,000657.SZ,45.805,48.38,45.502,45.684,30094399.0,0.066,47.152,3.029,12.255,12.255,0,交易,3.727784577723378,3.73765809873521,661386.2907124961,0.9746176105828854,0.9405126085159157,1.0321337886349709
2017-08-07,000657.SZ,45.139,47.229,44.29,47.077,25456219.0,3.05,45.833,3.029,10.366,10.366,0,交易,4.541481767316226,4.354524406714258,574762.2262361707,0.970441889517034,0.9377712845920938,0.9735752065764598
2017-08-08,000657.SZ,46.381,48.168,46.017,46.078,25630291.0,-2.124,46.935,3.029,10.437,10.437,0,交易,4.414870173421482,4.443901504263677,556974.4007649347,0.9744020926756354,0.9553437967115098,1.0185988975215938
2017-08-09,000657.SZ,45.987,47.804,45.502,47.562,26284190.0,3.222,46.643,3.029,10.703,10.703,0,交易,4.443800803513033,4.296645800242923,577649.114324645,0.9757133294284996,0.9518450338883776,0.980677852066776
2017-08-10,000657.SZ,46.805,47.108,45.593,45.987,17988914.0,-3.312,46.23,3.029,7.325,7.325,0,交易,6.278088737201365,6.38976109215017,394554.29561555496,0.9813619767343127,0.9678398573490704,1.0052841020288341
2017-08-11,000657.SZ,45.078,45.29,41.382,41.594,22062678.0,-9.552,42.954,3.029,8.984,8.984,0,交易,4.629786286731968,5.017586821015138,533146.7304625199,0.9484212850518878,0.9137116361227644,1.0326970236091744
2017-08-14,000657.SZ,41.655,43.412,41.231,42.291,10603095.0,1.675,42.191,3.029,4.318,4.318,0,交易,9.794117647058824,9.64682723483094,257163.17819116684,0.9718741361835438,0.9497604349027919,0.997635430706297
2017-08-15,000657.SZ,42.109,42.261,41.534,41.746,7976202.0,-1.289,41.807,3.029,3.248,3.248,0,交易,12.85283251231527,12.964593596059112,192040.30432898347,0.9892572348027733,0.9827973781973923,1.0014612178412303
2017-08-16,000657.SZ,41.564,41.867,40.201,41.412,9878972.0,-0.798,41.009,3.029,4.023,4.023,0,交易,10.293810589112603,10.33159333830475,245739.4592174324,0.979506532591301,0.960207323190102,0.9902685212015842
2017-08-17,000657.SZ,42.503,42.957,41.746,42.018,11728549.0,1.463,42.284,3.029,4.776,4.776,0,交易,8.797738693467338,8.89928810720268,280950.2467302256,0.9843331703796819,0.9718090183206463,1.0063306202103859
2017-08-18,000657.SZ,41.231,41.746,40.867,41.503,6992381.0,-1.226,41.229,3.029,2.847,2.847,0,交易,14.57780119423955,14.482262030207236,171100.91271686202,0.9876155799358022,0.9789440904517797,0.9933980676095704
2017-08-21,000657.SZ,41.261,42.261,41.261,42.079,6600893.0,1.387,41.928,3.029,2.688,2.688,0,交易,15.65438988095238,15.350074404761905,159978.98742153606,0.9921203946901397,0.9763375215920116,0.9964115116804105
2017-08-22,000657.SZ,42.412,42.836,41.836,42.109,9491436.0,0.072,42.344,3.029,3.865,3.865,0,交易,10.894954721862872,10.973350582147477,226872.45434553974,0.9885143337379775,0.9766551498739378,1.0055807547080196
2017-08-23,000657.SZ,41.564,41.897,40.897,40.928,6387500.0,-2.806,41.227,3.029,2.601,2.601,0,交易,15.735486351403306,15.98000768935025,156185.05024818447,0.9840084015561973,0.9761319426211901,1.0073055121188428
2017-08-24,000657.SZ,40.928,41.534,40.564,40.716,4805877.0,-0.518,40.896,3.029,1.957,1.957,0,交易,20.805314256515075,20.913643331630045,118476.40765210532,0.9846390908653152,0.9766456397168585,1.004420866489832
2017-08-25,000657.SZ,41.473,41.806,40.716,41.564,6882128.0,2.083,41.411,3.029,2.803,2.803,0,交易,14.82839814484481,14.795932929004637,169027.60585519206,0.9905515954647659,0.97392718748505,0.9963189298431335
2017-08-28,000657.SZ,41.624,42.897,41.352,42.866,10534294.0,3.134,42.199,3.029,4.29,4.29,0,交易,9.992074592074593,9.702564102564104,254746.90462371835,0.9837284658600834,0.963983495349325,0.9844398824242989
2017-08-29,000657.SZ,42.685,43.321,42.261,42.866,11661158.0,0.0,42.959,3.029,4.749,4.749,0,交易,9.026321330806486,8.988208043798696,275931.8993871418,0.9916437755361143,0.9755314974261906,1.0021695516259974
2017-08-30,000657.SZ,42.836,43.715,42.533,43.503,12394879.0,1.484,43.148,3.029,5.047,5.047,0,交易,8.6195759857341,8.487418268278185,291417.93430983,0.9870296236989592,0.9729612261237561,0.9918396432429948
2017-08-31,000657.SZ,43.624,44.321,43.26,44.078,16479792.0,1.323,43.805,3.029,6.711,6.711,0,交易,6.5680226493816125,6.500372522723886,380947.572815534,0.9883576634101217,0.9760610094537578,0.9938064340487317
2017-09-01,000657.SZ,43.927,45.139,43.351,44.563,19009212.0,1.1,44.358,3.029,7.741,7.741,0,交易,5.756749773931017,5.674589846273092,438495.35189499665,0.9826978887436584,0.9603890205808724,0.9953997711105624
2017-09-04,000657.SZ,44.775,45.381,44.321,44.624,12996866.0,0.136,44.775,3.029,5.293,5.293,0,交易,8.430757604383148,8.459285849234838,293243.97012702783,0.986646393865274,0.9766422070910733,1.0033838293295088
2017-09-05,000657.SZ,45.26,45.26,43.775,44.381,9298807.0,-0.543,44.239,3.029,3.787,3.787,0,交易,11.719302878267758,11.951412727752839,212422.77555682466,0.9774414494034467,0.9671895713654441,0.9968004326175615
2017-09-06,000657.SZ,44.048,45.017,43.472,44.26,10406746.0,-0.273,44.435,3.029,4.238,4.238,0,交易,10.44360547428032,10.393581878244454,239389.63010673536,0.9870715507474954,0.9656796321389697,1.003953908721193
2017-09-07,000657.SZ,44.836,44.836,43.018,43.2,10144549.0,-2.396,43.781,3.029,4.131,4.131,0,交易,10.457516339869281,10.853546356814329,235821.02840671348,0.9764698010527255,0.95945222588991,1.013449074074074
2017-09-08,000657.SZ,43.351,46.502,43.109,45.472,29979679.0,5.259,45.413,3.029,12.208,12.208,0,交易,3.7247706422018347,3.551032110091743,695438.9802593426,0.9765816524020471,0.9270353963270397,0.9987024982406755
2017-09-11,000657.SZ,45.048,46.259,44.533,46.169,22730797.0,1.532,45.567,3.029,9.256,9.256,0,交易,4.988007778738115,4.866897147796024,510425.9088765634,0.9850407488272552,0.9626883417280961,0.9869609478221318
2017-09-12,000657.SZ,45.987,47.108,45.139,45.351,22239327.0,-1.772,45.942,3.029,9.056,9.056,0,交易,5.007840106007068,5.078069787985866,492685.41615897557,0.9752483654580963,0.9582024284622571,1.0130316861811206
2017-09-13,000657.SZ,44.836,46.017,44.836,46.017,11945881.0,1.47,45.578,3.029,4.865,4.865,0,交易,9.458787255909558,9.216032887975333,266435.0298866982,0.9904600473737967,0.974335571636569,0.9904600473737967
2017-09-14,000657.SZ,46.199,47.562,45.623,46.593,19989312.0,1.251,46.574,3.029,8.14,8.14,0,交易,5.723955773955774,5.675552825552825,438141.11303509196,0.979227114082671,0.9592321601278332,0.9995922134226171
2017-09-15,000657.SZ,46.653,46.653,44.533,45.199,14161191.0,-2.991,45.109,3.029,5.767,5.767,0,交易,7.837523842552453,8.089647997225594,317993.1960568567,0.966904593488093,0.9545581205924593,0.9980088055045466
2017-09-18,000657.SZ,45.835,49.531,45.381,48.38,39094530.0,7.038,47.728,3.029,15.92,15.92,0,交易,3.0389447236180906,2.8790829145728645,861473.5241620942,0.9635985544406533,0.9162140881468172,0.9865233567589913
2017-09-19,000657.SZ,47.926,48.107,46.774,47.502,25820644.0,-1.816,47.344,3.029,10.515,10.515,0,交易,4.517546362339515,4.557869709938183,552029.8456407406,0.9841395223148399,0.9722909347911947,0.9966738242600311
2017-09-20,000657.SZ,46.987,49.925,46.653,48.774,34908624.0,2.679,48.538,3.029,14.215,14.215,0,交易,3.4311642631023567,3.30545198733732,748261.0764581056,0.9722183274912368,0.9344616925388083,0.9951613564604092
2017-09-21,000657.SZ,47.865,48.289,46.835,46.926,21780000.0,-3.789,47.397,3.029,8.869,8.869,0,交易,5.291013643026272,5.396888036982749,465036.8314294865,0.9815278841972291,0.9698896228954834,1.0100370796573328
2017-09-22,000657.SZ,47.411,47.441,45.926,46.987,12166261.0,0.129,46.618,3.029,4.954,4.954,0,交易,9.484658861526041,9.570246265643926,264910.09449984756,0.9826521363377669,0.9680655972681858,0.9921467639985528
2017-09-25,000657.SZ,47.259,47.289,44.26,44.533,12437501.0,-5.222,45.459,3.029,5.065,5.065,0,交易,8.792300098716682,9.330503455083909,281009.9638499774,0.9613017826555859,0.9359470489965953,1.0207935688141379
2017-09-26,000657.SZ,44.472,45.199,44.23,44.957,6769964.0,0.952,44.771,3.029,2.757,2.757,0,交易,16.306492564381575,16.13057671381937,153062.71761248022,0.9905307639549548,0.9785614725989513,0.9958627132593367
2017-09-27,000657.SZ,44.775,45.351,44.442,44.563,6758722.0,-0.876,44.813,3.029,2.752,2.752,0,交易,16.19295058139535,16.26998546511628,152079.60937851583,0.9881369760313996,0.9799563405437587,1.0056100352310213
2017-09-28,000657.SZ,44.684,45.229,43.987,43.987,6379040.0,-1.292,44.699,3.029,2.598,2.598,0,交易,16.931100846805236,17.19938414164742,145021.02894036873,0.9882818545623383,0.9725397422008004,1.0161866005865368
2017-09-29,000657.SZ,44.169,44.593,43.018,43.745,7475693.0,-0.551,43.721,3.029,3.044,3.044,0,交易,14.37089356110381,14.510183968462549,173780.58022223256,0.9804453613795886,0.9646805552440966,0.9994513658703852
2017-10-09,000657.SZ,44.321,44.775,43.987,44.593,5618265.0,1.939,44.406,3.029,2.288,2.288,0,交易,19.489947552447557,19.371066433566433,127725.57801168527,0.9917587939698492,0.9824008933556673,0.9958065167178705
2017-10-10,000657.SZ,44.381,44.684,43.745,44.018,4759504.0,-1.291,44.009,3.029,1.938,1.938,0,交易,22.71310629514964,22.900412796697626,108801.09726825924,0.9848939217617044,0.9789857667173932,0.9997955381889227
2017-10-11,000657.SZ,44.018,44.018,43.109,43.26,5267343.0,-1.721,43.396,3.029,2.145,2.145,0,交易,20.167832167832167,20.52121212121212,122186.61996334871,0.9858694170566586,0.9793493570811941,1.0031437817845585
2017-10-12,000657.SZ,43.806,44.109,43.351,44.078,7094647.0,1.891,43.77,3.029,2.889,2.889,0,交易,15.257182416060923,15.163032191069574,163655.90182464072,0.9923144936407536,0.9828152984651658,0.9930123871319025
2017-10-13,000657.SZ,44.109,44.351,43.563,43.836,4036548.0,-0.55,43.849,3.029,1.644,1.644,0,交易,26.664233576642335,26.83029197080292,92660.00964120928,0.9886812022276836,0.9822326441342925,1.0002965599051008
2017-10-16,000657.SZ,43.836,44.139,42.473,43.775,7222997.0,-0.138,43.354,3.029,2.941,2.941,0,交易,14.884393063583815,14.905134308058484,170060.90928354484,0.9822152744738213,0.9622556016221482,0.9903826384922901
2017-10-17,000657.SZ,43.351,43.351,42.291,42.412,4880000.0,-3.114,42.637,3.029,1.987,1.987,0,交易,21.344740815299446,21.81731253145445,115390.98153271382,0.9835297917003069,0.9755484302553574,1.0053051023295294
2017-10-18,000657.SZ,42.503,42.654,41.321,41.382,5126409.0,-2.429,41.885,3.029,2.088,2.088,0,交易,19.818965517241377,20.355842911877392,124063.04300476756,0.9819712102030289,0.9687485347212452,1.0121550432555217
2017-10-19,000657.SZ,41.503,41.655,40.776,40.867,4323609.0,-1.245,41.133,3.029,1.761,1.761,0,交易,23.206700738216924,23.567859170925612,106033.1812831077,0.9874684911775298,0.9788980914656105,1.0065089191768422
2017-10-20,000657.SZ,41.109,41.746,40.625,41.715,3166076.0,2.076,41.4,3.029,1.289,1.289,0,交易,32.36229635376261,31.892164468580297,77934.17846153847,0.9917117807694149,0.9731471278685383,0.9924487594390505
2017-10-23,000657.SZ,41.715,41.776,41.2,41.746,2686900.0,0.073,41.481,3.029,1.094,1.094,0,交易,38.15904936014625,38.13071297989031,65216.01941747573,0.9929385292991191,0.9862121792416698,0.9936520864274422
2017-10-24,000657.SZ,41.806,42.23,41.321,41.746,3427300.0,0.0,41.822,3.029,1.396,1.396,0,交易,29.904011461318056,29.946991404011463,82943.29759686359,0.9903386218328204,0.9784750177598863,1.001820533703828
2017-10-25,000657.SZ,41.927,42.109,41.534,41.836,2678627.0,0.218,41.801,3.029,1.091,1.091,0,交易,38.34647112740605,38.429880843263064,64492.391775412914,0.9926856491486381,0.9863449618846327,0.9991633999426333
2017-10-26,000657.SZ,41.836,42.473,41.655,42.2,3964500.0,0.869,42.142,3.029,1.614,1.614,0,交易,26.146220570012392,25.92069392812887,95174.64890169248,0.992206813740494,0.9807407058601936,0.9986255924170616
2017-10-27,000657.SZ,42.17,42.17,40.625,40.716,4323435.0,-3.518,41.439,3.029,1.761,1.761,0,交易,23.120954003407157,23.946621237932995,106423.01538461538,0.9826654019445102,0.963362580033199,1.0177571470674918
2017-10-30,000657.SZ,40.716,41.109,39.14,39.413,5018578.0,-3.199,39.749,3.029,2.044,2.044,0,交易,19.282289628180038,19.919765166340508,128221.20592743995,0.9669172200734633,0.9521029458269479,1.0085251059295157
2017-10-31,000657.SZ,39.443,39.958,39.413,39.625,3011400.0,0.538,39.676,3.029,1.226,1.226,0,交易,32.32055464926591,32.1721044045677,76406.26189328395,0.9929425897192052,0.9863606787126482,1.001287066246057
2017-11-01,000657.SZ,39.686,40.291,39.625,39.746,3148670.0,0.306,39.974,3.029,1.282,1.282,0,交易,31.003120124804994,30.95631825273011,79461.70347003154,0.9921322379687771,0.9834702539028568,1.0057364263070496
2017-11-02,000657.SZ,39.534,39.867,39.292,39.595,3112171.0,-0.381,39.548,3.029,1.267,1.267,0,交易,31.250986582478298,31.20284135753749,79206.22518578845,0.9919983946622521,0.9855770436702035,0.9988129814370502
2017-11-03,000657.SZ,39.413,40.594,39.413,40.504,6614045.0,2.295,39.961,3.029,2.693,2.693,0,交易,15.040475306349794,14.635350909766059,167813.7924035217,0.9844065625461891,0.9709070305956544,0.9865939166502075
2017-11-06,000657.SZ,40.322,41.291,40.322,41.2,5356457.0,1.72,40.9,3.029,2.181,2.181,0,交易,18.890417239798257,18.48784961027052,132842.04652546995,0.9905306241069483,0.9765324162650458,0.9927184466019416
2017-11-07,000657.SZ,41.2,41.412,40.685,40.928,3802010.0,-0.662,40.987,3.029,1.548,1.548,0,交易,26.43927648578811,26.61498708010336,93449.9201179796,0.9897372742200329,0.9824447020187386,1.0014415559030494
2017-11-08,000657.SZ,41.109,41.321,40.352,40.776,3141289.0,-0.37,40.824,3.029,1.279,1.279,0,交易,31.88115715402659,32.14151681000782,77847.16990483744,0.987972217516517,0.9765494542726458,1.0011771630370805
2017-11-09,000657.SZ,41.109,41.2,40.746,41.17,2964781.0,0.966,40.948,3.029,1.207,1.207,0,交易,34.10936205468103,34.05882352941176,72762.5042949001,0.993883495145631,0.9889805825242718,0.9946077240709253
2017-11-10,000657.SZ,41.231,41.231,40.443,40.746,3419726.0,-1.03,40.71,3.029,1.393,1.393,0,交易,29.2505384063173,29.598707824838478,84556.68471676187,0.9873638766947199,0.9808881666707089,0.9991164776910617
2017-11-13,000657.SZ,40.746,40.837,40.049,40.685,3582691.0,-0.149,40.417,3.029,1.459,1.459,0,交易,27.885538039753257,27.927347498286498,89457.68933057005,0.9897152092465166,0.9807037735387025,0.9934128057023472
2017-11-14,000657.SZ,40.625,40.776,39.686,39.867,3406545.0,-2.01,40.201,3.029,1.387,1.387,0,交易,28.743330930064886,29.28983417447729,85837.44897444943,0.9858985677849715,0.9732685893662938,1.0083778563724384
2017-11-15,000657.SZ,39.686,39.958,38.928,39.019,4227170.0,-2.128,39.346,3.029,1.721,1.721,0,交易,22.67228355607205,23.05984892504358,108589.44718454583,0.9846839181140197,0.9742229340807848,1.00838053256106
2017-11-16,000657.SZ,39.322,39.443,38.686,39.322,2341990.0,0.776,39.127,3.029,0.954,0.954,0,交易,41.21802935010483,41.21802935010483,60538.43767771287,0.9919884390132597,0.9808077478893594,0.9950409440008138
2017-11-17,000657.SZ,39.322,39.322,37.262,37.262,4633940.0,-5.239,37.985,3.029,1.887,1.887,0,交易,19.746687864334923,20.838367779544253,124361.0112178627,0.9659986775850669,0.9476120238034688,1.0194031452954753
2017-11-20,000657.SZ,37.262,38.08,33.536,37.989,4307957.0,1.951,36.273,3.029,1.754,1.754,0,交易,21.65849486887115,21.244013683010262,128457.68726145038,0.9525472689075631,0.8806722689075631,0.9548290294558953
2017-11-21,000657.SZ,37.262,38.05,36.989,37.535,2504238.0,-1.196,37.5,3.029,1.02,1.02,0,交易,36.799019607843135,36.53137254901961,67702.23579983239,0.985545335085414,0.9721156373193167,0.999067536965499
2017-11-22,000657.SZ,37.595,37.716,37.02,37.262,1871023.0,-0.726,37.353,3.029,0.762,0.762,0,交易,48.9002624671916,49.33727034120734,50540.86980010805,0.9903754374801146,0.9815462933503023,1.002442166282003
2017-11-23,000657.SZ,37.504,38.171,36.353,37.201,3354088.0,-0.163,37.541,3.029,1.366,1.366,0,交易,27.233528550512442,27.45534407027818,92264.4073391467,0.9834953236750412,0.9523722197479763,1.0091395392596971
2017-11-24,000657.SZ,37.111,38.171,36.656,37.929,2761126.0,1.954,37.681,3.029,1.124,1.124,0,交易,33.744661921708186,33.01690391459074,75325.34919249236,0.987163029525032,0.9603101831233135,0.9934614674787101
2017-11-27,000657.SZ,37.868,38.11,36.777,36.929,2590601.0,-2.636,37.475,3.029,1.055,1.055,0,交易,35.00379146919432,35.89383886255924,70440.79179922234,0.9833377066386776,0.9650223038572554,1.0147851282190148
2017-11-28,000657.SZ,36.929,37.565,36.656,37.414,2083342.0,1.313,37.152,3.029,0.848,0.848,0,交易,44.12028301886793,43.548349056603776,56834.951986032305,0.9890057234127513,0.975801943298283,0.9929972737477949
2017-11-29,000657.SZ,37.444,38.746,37.201,38.595,5226541.0,3.158,38.15,3.029,2.128,2.128,0,交易,18.13674812030075,17.595864661654137,140494.6372409344,0.9846177669953027,0.9601249161203737,0.9884700090685322
2017-11-30,000657.SZ,38.11,38.383,37.777,37.868,2798738.0,-1.884,37.995,3.029,1.14,1.14,0,交易,33.217543859649126,33.429824561403514,74085.76647166265,0.989891358153349,0.9842117604147669,1.0033537551494665
2017-12-01,000657.SZ,37.777,38.231,37.747,37.959,1637501.0,0.24,37.968,3.029,0.667,0.667,0,交易,56.91004497751125,56.63718140929535,43380.9574270803,0.9931207658706286,0.9873401166592556,1.0002370979214417
2017-12-04,000657.SZ,38.171,38.444,37.353,37.383,2182473.0,-1.516,37.949,3.029,0.889,0.889,0,交易,42.05061867266592,42.93700787401575,58428.31901052124,0.9871241286026426,0.9716210592029966,1.0151405719177164
2017-12-05,000657.SZ,37.111,37.111,35.444,35.747,3700110.0,-4.376,36.152,3.029,1.507,1.507,0,交易,23.720637027206372,24.625746516257465,104393.12718654779,0.9741586052652853,0.9550807038344428,1.0113296220661874
2017-12-06,000657.SZ,35.747,36.141,34.566,36.081,2674631.0,0.932,35.435,3.029,1.089,1.089,0,交易,33.13223140495868,32.82552800734619,77377.50969160446,0.9804653994078748,0.9564206856478793,0.9820958399157451
2017-12-07,000657.SZ,36.05,36.323,35.505,35.959,2410963.0,-0.336,35.998,3.029,0.982,0.982,0,交易,36.61812627291243,36.71079429735234,67904.8866356851,0.9910525011700575,0.9774798337141757,1.0010845685363885
2017-12-08,000657.SZ,35.929,36.293,35.838,36.081,1450621.0,0.337,36.054,3.029,0.591,0.591,0,交易,61.050761421319805,60.79357021996616,40477.175065572854,0.9934147080704269,0.9874631471633649,0.9992516837116487
2017-12-11,000657.SZ,36.293,36.474,35.959,36.414,1253600.0,0.924,36.222,3.029,0.51,0.51,0,交易,71.4,71.16274509803921,34861.92608248282,0.9930909689093602,0.985880353128256,0.9947273026857801
2017-12-12,000657.SZ,36.565,39.019,36.232,37.504,5274962.0,2.995,37.667,3.029,2.148,2.148,0,交易,17.45996275605214,17.02281191806331,145588.48531684699,0.9653502139983086,0.9285732591814244,1.0043462030716725
2017-12-13,000657.SZ,37.292,37.504,36.717,37.292,2839682.0,-0.565,37.052,3.029,1.156,1.156,0,交易,32.25951557093426,32.25951557093426,77339.70640302857,0.9879479522184301,0.979015571672355,0.993564303335836
2017-12-14,000657.SZ,37.08,37.474,36.899,37.02,1647100.0,-0.731,37.174,3.029,0.671,0.671,0,交易,55.17138599105812,55.26080476900148,44638.06607225128,0.9919944494849763,0.9846560281795379,1.0041599135602377
2017-12-15,000657.SZ,36.899,37.111,35.99,36.293,1987992.0,-1.964,36.466,3.029,0.81,0.81,0,交易,44.80617283950617,45.55432098765432,55237.34370658516,0.982619708442241,0.9697933227344994,1.0047667594301932
2017-12-18,000657.SZ,36.293,36.868,36.232,36.656,1879128.0,1.002,36.522,3.029,0.765,0.765,0,交易,47.916339869281046,47.441830065359476,51863.766835946124,0.9906151676250405,0.9827492676575892,0.9963443910955915
2017-12-19,000657.SZ,36.838,37.05,36.596,36.899,1482028.0,0.661,36.788,3.029,0.604,0.604,0,交易,61.09105960264901,60.99006622516556,40496.99420701717,0.9929284750337382,0.9877462887989203,0.9969917883953493
2017-12-20,000657.SZ,36.959,37.171,36.293,36.565,1439616.0,-0.903,36.754,3.029,0.586,0.586,0,交易,62.39761092150171,63.06996587030718,39666.49216102279,0.9887815770358612,0.9763794355815018,1.0051688773417202
2017-12-21,000657.SZ,36.656,36.808,35.99,36.505,1515900.0,-0.166,36.534,3.029,0.617,0.617,0,交易,59.16531604538088,59.41004862236629,42120.03334259516,0.9925559660943273,0.977776570310802,1.0007944117244212
2017-12-22,000657.SZ,36.626,37.262,36.384,36.626,1543290.0,0.332,36.845,3.029,0.628,0.628,0,交易,58.32165605095541,58.32165605095541,42416.72163588391,0.9888089742901616,0.9764371209274865,1.0059793589253536
2017-12-25,000657.SZ,36.959,37.201,36.323,36.505,1765000.0,-0.331,36.673,3.029,0.719,0.719,0,交易,50.771905424200284,51.40333796940195,48591.80133799521,0.9858068331496466,0.9763984839117228,1.0046021093000959
2017-12-26,000657.SZ,36.353,36.444,35.626,36.323,1944700.0,-0.498,36.001,3.029,0.792,0.792,0,交易,45.86237373737374,45.900252525252526,54586.53792174255,0.9878443639556579,0.9775546043244429,0.9911350934669493
2017-12-27,000657.SZ,36.323,37.535,36.111,36.717,3823910.0,1.084,37.025,3.029,1.557,1.557,0,交易,23.581888246628132,23.32883750802826,105893.21813297887,0.9864126814972692,0.9620620753962968,1.0083884848980036
2017-12-28,000657.SZ,36.626,38.322,36.353,37.959,7924932.0,3.383,37.486,3.029,3.227,3.227,0,交易,11.762937713046174,11.34986055159591,217999.39482298572,0.9781848546526798,0.9486195918793382,0.9875391870175715
2017-12-29,000657.SZ,37.807,37.898,37.292,37.626,3819162.0,-0.878,37.54,3.029,1.555,1.555,0,交易,24.1967845659164,24.313183279742766,102412.3672637563,0.9905535912185338,0.9840097102749485,0.9977143464625525
2018-01-02,000657.SZ,37.535,38.11,37.353,38.019,3574731.0,1.047,37.8,3.029,1.456,1.456,0,交易,26.111950549450547,25.779532967032967,95701.30913179663,0.9918656520598268,0.9801364471267384,0.994239722244141
2018-01-03,000657.SZ,37.898,38.595,37.747,37.989,4399217.0,-0.08,38.107,3.029,1.791,1.791,0,交易,21.21105527638191,21.16024567280849,116544.81150819933,0.9873558751133567,0.9780282420002592,1.0031061623101425
2018-01-04,000657.SZ,38.141,38.353,37.868,38.353,3831139.0,0.957,38.106,3.029,1.56,1.56,0,交易,24.58525641025641,24.449358974358972,101170.88306749762,0.993559825828488,0.9873543138737517,0.993559825828488
2018-01-05,000657.SZ,38.292,38.595,37.989,38.171,3308862.0,-0.474,38.231,3.029,1.347,1.347,0,交易,28.337787676317742,28.427616926503344,87100.52910052911,0.9905687265189792,0.9842984842596191,1.0015718739357105
2018-01-08,000657.SZ,37.959,38.989,37.777,38.565,4544819.0,1.032,38.474,3.029,1.851,1.851,0,交易,20.834683954619123,20.507293354943275,120306.50925166106,0.9867911462207289,0.9689143091641234,0.9976403474653183
2018-01-09,000657.SZ,38.383,38.898,38.262,38.807,4037318.0,0.628,38.645,3.029,1.644,1.644,0,交易,23.605231143552313,23.34732360097324,105517.6937954106,0.9934958095531904,0.9836495449637512,0.9958254954003144
2018-01-10,000657.SZ,38.565,38.928,37.747,38.05,3532600.0,-1.952,38.394,3.029,1.439,1.439,0,交易,26.441973592772754,26.799861014593464,93586.24526452433,0.9862823674475956,0.9696619399917797,1.0090407358738502
2018-01-11,000657.SZ,38.05,39.564,38.05,38.474,5422000.0,1.115,38.824,3.029,2.208,2.208,0,交易,17.424818840579707,17.23278985507246,142496.71484888307,0.9812961277929431,0.9617328884844808,1.0090970525549723
2018-01-12,000657.SZ,38.08,38.262,37.414,37.959,3281700.0,-1.339,37.908,3.029,1.336,1.336,0,交易,28.4124251497006,28.502994011976046,87713.15550328753,0.9907480006272542,0.9778370184517275,0.9986564451118312
2018-01-15,000657.SZ,37.838,37.898,36.384,36.989,3993302.0,-2.554,37.043,3.029,1.626,1.626,0,交易,22.748462484624845,23.270602706027063,109754.34256816182,0.977439442714655,0.9600506623040793,1.001459893481846
2018-01-16,000657.SZ,36.626,37.262,36.505,37.111,2497110.0,0.328,36.885,3.029,1.017,1.017,0,交易,36.49065880039331,36.01376597836775,68404.60210930009,0.9898824539745584,0.9796843969727873,0.9939101614076689
2018-01-17,000657.SZ,37.08,37.08,35.868,36.535,3520198.0,-1.551,36.283,3.029,1.433,1.433,0,交易,25.495464061409628,25.875785066294483,98143.13594290175,0.9785059331175837,0.9673139158576053,0.9931025044477899
2018-01-18,000657.SZ,36.535,37.262,36.232,36.656,2240357.0,0.332,36.552,3.029,0.912,0.912,0,交易,40.19298245614035,40.060307017543856,61833.65533230294,0.9809457356019537,0.972357898126778,0.9971628109995635
2018-01-19,000657.SZ,36.656,36.717,36.141,36.293,2135713.0,-0.992,36.394,3.029,0.87,0.87,0,交易,41.716091954022986,42.13333333333333,59093.90996375308,0.9912029849933274,0.98431244382711,1.002782905794506
2018-01-22,000657.SZ,36.353,36.838,36.141,36.777,2055813.0,1.336,36.492,3.029,0.837,0.837,0,交易,43.939068100358426,43.432497013142175,56883.12442931851,0.9906075248384819,0.9810793202671154,0.992250591402235
2018-01-23,000657.SZ,36.717,38.807,36.596,37.868,7688363.0,2.965,37.832,3.029,3.131,3.131,0,交易,12.094538486106677,11.72692430533376,210087.52322658215,0.9748756667611513,0.9430257427783646,0.99904932924897
2018-01-24,000657.SZ,37.626,37.868,37.05,37.807,3730959.0,-0.16,37.569,3.029,1.519,1.519,0,交易,24.88940092165899,24.77024358130349,100700.64777327936,0.9921041512622795,0.9783986479349317,0.9937048694686169
2018-01-25,000657.SZ,38.262,39.989,38.262,39.019,11643633.0,3.205,39.281,3.029,4.741,4.741,0,交易,8.230120227800043,8.07044927230542,304313.2350635095,0.9822951311610694,0.9568131236089925,1.0067146774648248
2018-01-26,000657.SZ,38.262,39.807,38.11,39.201,6813461.0,0.466,38.984,3.029,2.775,2.775,0,交易,14.126486486486487,13.788108108108108,178784.0724219365,0.9793252443037657,0.9573693069058206,0.9944644269278845
2018-01-29,000657.SZ,39.322,39.989,38.504,38.989,6277757.0,-0.541,39.154,3.029,2.556,2.556,0,交易,15.253912363067291,15.38419405320814,163041.6839808851,0.979119257795894,0.9628647878166496,1.00423196286132
2018-01-30,000657.SZ,38.595,39.261,37.929,38.625,3886500.0,-0.932,38.561,3.029,1.583,1.583,0,交易,24.39987365761213,24.380922299431457,102467.7687257771,0.9821706018695396,0.9660732024146099,0.9983430420711974
2018-01-31,000657.SZ,38.322,38.777,37.171,37.838,4521188.0,-2.039,37.847,3.029,1.841,1.841,0,交易,20.552960347637153,20.815860945138514,121632.1325764709,0.9760167109368956,0.9585836965211336,1.0002378561234737
2018-02-01,000657.SZ,37.898,38.05,35.868,36.293,4313803.0,-4.083,36.639,3.029,1.757,1.757,0,交易,20.65623221400114,21.569721115537853,120268.84688301549,0.9629172141918529,0.9426544021024968,1.0095335188603864
2018-02-02,000657.SZ,35.626,37.111,34.505,36.929,4248774.0,1.753,35.913,3.029,1.73,1.73,0,交易,21.346242774566477,20.593063583815027,123135.02390957832,0.9677184662229528,0.9297782328689608,0.9724877467572909
2018-02-05,000657.SZ,35.868,36.868,35.747,36.353,2428011.0,-1.559,36.409,3.029,0.989,0.989,0,交易,36.75733063700708,36.26693629929222,67922.0913643103,0.9875501790170337,0.9695942280568514,1.001540450581795
2018-02-06,000657.SZ,35.717,36.414,32.96,33.021,4998500.0,-9.167,34.686,3.029,2.035,2.035,0,交易,16.226535626535625,17.55135135135135,151653.51941747573,0.9525457241720217,0.9051463722744,1.050422458435541
2018-02-07,000657.SZ,34.475,35.081,33.081,33.596,3770016.0,1.743,34.021,3.029,1.535,1.535,0,交易,21.886644951140063,22.45928338762215,113963.18128230705,0.969784213676919,0.9429890824092814,1.0126503155137518
2018-02-08,000657.SZ,33.718,34.081,33.203,33.808,2490184.0,0.631,33.803,3.029,1.014,1.014,0,交易,33.341222879684416,33.252465483234715,74998.76517182181,0.9918429623543908,0.9742378451336522,0.9998521060104116
2018-02-09,000657.SZ,33.263,33.263,30.779,31.658,5098855.0,-6.362,31.895,3.029,2.076,2.076,0,交易,15.2495183044316,16.022639691714836,165660.1903895513,0.9588732224994739,0.9253224303279921,1.0074862593973086
2018-02-12,000657.SZ,31.87,32.324,31.839,32.203,2826813.0,1.722,32.144,3.029,1.151,1.151,0,交易,27.978279756733276,27.688966116420506,88784.60378780741,0.9944313822546714,0.9849956688528647,0.9981678725584572
2018-02-13,000657.SZ,32.597,32.9,32.263,32.506,2980657.0,0.941,32.583,3.029,1.214,1.214,0,交易,26.775947281713346,26.850906095551895,92386.23190651831,0.9903647416413374,0.9806382978723404,1.0023687934535161
2018-02-14,000657.SZ,32.748,33.445,32.294,33.263,1765301.0,2.33,32.846,3.029,0.719,0.719,0,交易,46.26286509040334,45.546592489568845,54663.43593237134,0.9820899985050081,0.9655852892809088,0.9874635480864624
2018-02-22,000657.SZ,33.203,34.899,33.203,34.233,3199101.0,2.914,34.301,3.029,1.303,1.303,0,交易,26.272448196469686,25.481964696853417,96349.75755202842,0.9828648385340555,0.9514026189862175,1.0019863874039672
2018-02-23,000657.SZ,34.021,34.323,33.475,34.202,1972666.0,-0.088,33.895,3.029,0.803,0.803,0,交易,42.592777085927764,42.36737235367372,58929.52949962659,0.9875302275442124,0.9752935349474113,0.9910239167300159
2018-02-26,000657.SZ,34.475,34.808,33.839,34.626,3087354.0,1.24,34.387,3.029,1.257,1.257,0,交易,27.54653937947494,27.42641209228322,91236.56136410651,0.9879050792921168,0.9721615720524017,0.993097672269393
2018-02-27,000657.SZ,34.596,34.596,33.96,34.081,2074514.0,-1.575,34.27,3.029,0.845,0.845,0,交易,40.33254437869823,40.94201183431952,61086.98468786808,0.9905769453115969,0.9816163718348944,1.0055456119245327
2018-02-28,000657.SZ,33.99,34.778,33.657,34.505,2503010.0,1.244,34.328,3.029,1.019,1.019,0,交易,33.861629048086364,33.35623159960746,74368.18492438423,0.987060785554086,0.967766979124734,0.9948703086509202
2018-03-01,000657.SZ,34.293,34.929,33.99,34.626,2493009.0,0.351,34.651,3.029,1.015,1.015,0,交易,34.114285714285714,33.786206896551725,73345.36628420123,0.992040997451974,0.9731168942712359,1.000722000808641
2018-03-02,000657.SZ,34.414,35.656,34.202,34.717,3036227.0,0.262,35.004,3.029,1.236,1.236,0,交易,28.088187702265373,27.843042071197413,88773.37582597509,0.9817141575050482,0.9592214494054296,1.0082668433332374
2018-03-05,000657.SZ,34.717,35.293,34.626,35.111,2535711.0,1.134,35.086,3.029,1.033,1.033,0,交易,33.989351403678604,33.60793804453049,73231.41569918559,0.9941348142691185,0.9811010682004929,0.9992879724302925
2018-03-06,000657.SZ,35.202,35.687,34.869,35.535,3474826.0,1.208,35.329,3.029,1.415,1.415,0,交易,25.113074204946994,24.877738515901058,99653.73254179931,0.9899683358085578,0.9770784879648051,0.9942028985507247
2018-03-07,000657.SZ,35.505,35.535,34.748,34.778,2596593.0,-2.131,35.018,3.029,1.057,1.057,0,交易,32.902554399243144,33.590350047303694,74726.40151951191,0.9854509638384692,0.9778528211622345,1.0069009143711543
2018-03-08,000657.SZ,34.99,35.111,34.596,34.869,2956603.0,0.261,34.889,3.029,1.204,1.204,0,交易,28.960963455149503,29.061461794019937,85460.8336223841,0.9936771951809976,0.9853322320640255,1.0005735753821448
2018-03-09,000657.SZ,34.596,35.202,34.293,35.141,3149008.0,0.782,34.711,3.029,1.282,1.282,0,交易,27.41107644305772,26.98595943837753,91826.55352404281,0.986051928867678,0.9741776035452532,0.9877635810022481
2018-03-12,000657.SZ,35.232,35.899,34.99,35.656,3718788.0,1.466,35.483,3.029,1.514,1.514,0,交易,23.550858652575958,23.270805812417436,106281.45184338382,0.9884119334800411,0.9746789604167247,0.9951480816692843
2018-03-13,000657.SZ,35.263,35.687,35.141,35.263,2633701.0,-1.105,35.379,3.029,1.072,1.072,0,交易,32.894589552238806,32.894589552238806,74946.6719786005,0.9913694062263569,0.9847003110376328,1.0032895669682103
2018-03-14,000657.SZ,35.081,35.99,34.99,35.323,3913312.0,0.172,35.666,3.029,1.594,1.594,0,交易,22.159974905897112,22.008155583437894,111840.86881966275,0.9909974993053624,0.9722145040288969,1.0097103869999715
2018-03-15,000657.SZ,35.353,35.505,34.626,35.02,2477702.0,-0.858,35.028,3.029,1.009,1.009,0,交易,34.70763131813678,35.0376610505451,71556.11390284757,0.9865652724968313,0.9752429235318968,1.0002284408909194
2018-03-16,000657.SZ,35.232,35.293,34.626,34.657,2092808.0,-1.038,34.948,3.029,0.852,0.852,0,交易,40.67723004694835,41.352112676056336,60440.36273320627,0.9902246904485309,0.9811010682004929,1.0083965721210724
2018-03-19,000657.SZ,34.657,34.778,33.657,34.293,1665642.0,-1.049,34.307,3.029,0.678,0.678,0,交易,50.57964601769911,51.11651917404129,49488.72448524825,0.9864569555466101,0.967766979124734,1.000408246580935
2018-03-20,000657.SZ,33.99,34.172,33.718,34.081,1874672.0,-0.618,33.974,3.029,0.763,0.763,0,交易,44.66710353866318,44.5478374836173,55598.55270182098,0.9942057825119981,0.9867142689921575,0.9968604207623014
2018-03-21,000657.SZ,34.202,34.717,33.93,34.111,2175660.0,0.089,34.347,3.029,0.886,0.886,0,交易,38.49999999999999,38.60270880361173,64122.015915119366,0.9893423970965234,0.9773309905809834,1.006918589311366
2018-03-22,000657.SZ,34.142,34.657,33.93,34.021,2041354.0,-0.266,34.269,3.029,0.831,0.831,0,交易,40.939831528279186,41.085439229843566,60163.68994989685,0.9888045705052371,0.979022996797184,1.0072896152376474
2018-03-23,000657.SZ,33.627,33.627,30.84,31.567,4069712.0,-7.213,32.229,3.029,1.657,1.657,0,交易,19.050694025347013,20.293904646952324,131962.1271076524,0.9584262646087964,0.9171201712909268,1.0209712674628568
2018-03-26,000657.SZ,30.9,32.233,30.597,32.082,3259901.0,1.631,31.519,3.029,1.327,1.327,0,交易,24.17633760361718,23.285606631499622,106543.15782593064,0.9778487885086713,0.9492445630254709,0.9824512187519481
2018-03-27,000657.SZ,32.354,32.9,32.233,32.748,2420931.0,2.077,32.6,3.029,0.986,0.986,0,交易,33.2129817444219,32.81338742393509,75107.21930940342,0.9908814589665654,0.9797264437689969,0.9954806400390864
2018-03-28,000657.SZ,32.415,32.778,32.173,32.718,2248686.0,-0.093,32.575,3.029,0.916,0.916,0,交易,35.71834061135372,35.387554585152834,69893.57535821962,0.993806821648667,0.9815424980169627,0.9956293171954276
2018-03-29,000657.SZ,32.354,33.081,32.233,32.93,2706540.0,0.648,32.712,3.029,1.102,1.102,0,交易,29.882032667876587,29.359346642468235,83967.9831228865,0.9888455608959826,0.9743659502433419,0.9933798967506834
2018-03-30,000657.SZ,32.991,33.233,32.809,33.142,2677251.0,0.644,33.039,3.029,1.09,1.09,0,交易,30.405504587155963,30.26697247706422,81601.11554756317,0.9941624289110224,0.9872415972075949,0.9968921610041639
2018-04-02,000657.SZ,33.263,33.93,33.021,33.596,2839328.0,1.371,33.586,3.029,1.156,1.156,0,交易,29.06228373702422,28.774221453287197,85985.52436328397,0.9898614795166519,0.973209549071618,0.9997023455173235
2018-04-03,000657.SZ,33.203,36.929,32.718,34.96,6516298.0,4.058,34.461,3.029,2.654,2.654,0,交易,13.172569706103994,12.510550113036928,199165.53579069625,0.9331690541308998,0.8859703755855832,0.9857265446224256
2018-04-04,000657.SZ,35.02,35.02,33.96,34.263,4390056.0,-1.993,34.466,3.029,1.788,1.788,0,交易,19.16275167785235,19.58612975391499,129271.37809187279,0.9841804683038263,0.9697315819531696,1.0059247584858302
2018-04-09,000657.SZ,34.445,36.656,34.445,36.262,11335635.0,5.836,35.774,3.029,4.616,4.616,0,交易,7.855719237435009,7.462088388214905,329093.7726810858,0.9759384548232214,0.9396824530772588,0.9865423859687827
2018-04-10,000657.SZ,36.565,37.111,34.838,35.838,9020938.0,-1.17,35.925,3.029,3.673,3.673,0,交易,9.757146746528724,9.955077593248026,258939.60617716287,0.9680418204844925,0.9387513136266876,1.0024275908253808
2018-04-11,000657.SZ,35.535,36.171,35.293,35.747,4863928.0,-0.254,35.713,3.029,1.981,1.981,0,交易,18.044926804644117,17.93791014639071,137815.6574958207,0.987337922645213,0.9757264106604738,0.9990488712339497
2018-04-12,000657.SZ,35.747,35.747,34.838,34.99,3669883.0,-2.119,35.16,3.029,1.494,1.494,0,交易,23.420348058902277,23.927041499330656,105341.38010218726,0.9835790415978962,0.9745712926958906,1.0048585310088596
2018-04-13,000657.SZ,35.081,35.596,34.596,34.717,3076774.0,-0.779,35.084,3.029,1.253,1.253,0,交易,27.70710295291301,27.997605746209103,88934.38547808996,0.9856163613889203,0.9719069558377346,1.010571189906962
2018-04-16,000657.SZ,37.898,38.201,35.99,38.201,25742556.0,10.035,38.116,3.029,10.483,10.483,0,交易,3.6440904321282073,3.615186492416293,715269.6860238955,0.9977749273579225,0.9421219339807859,0.9977749273579225
2018-04-17,000657.SZ,38.201,38.201,36.081,36.111,16984811.0,-5.472,36.93,3.029,6.916,6.916,0,交易,5.221370734528628,5.523568536726431,470741.1379950666,0.9667286196696422,0.9445040705740688,1.0226800697848302
2018-04-18,000657.SZ,36.05,36.444,34.021,35.687,11167451.0,-1.174,35.153,3.029,4.548,4.548,0,交易,7.846745822339489,7.9265611257695685,328251.6974809676,0.9645757875096037,0.9335144331028427,0.9850365679379046
2018-04-19,000657.SZ,35.656,36.929,35.353,36.747,9662294.0,2.971,36.476,3.029,3.935,3.935,0,交易,9.338500635324015,9.061245235069885,273309.0261081096,0.9877332177963117,0.9573235126865065,0.9926252483195906
2018-04-20,000657.SZ,36.989,37.353,35.444,35.656,7240363.0,-2.968,36.408,3.029,2.948,2.948,0,交易,12.094979647218453,12.547150610583445,204276.12571944474,0.9747008272427917,0.948892993869301,1.0210904195647297
2018-04-23,000657.SZ,34.869,35.687,34.414,35.02,4436469.0,-1.784,34.977,3.029,1.807,1.807,0,交易,19.380188157166575,19.296624239070283,128914.65682571047,0.9801048000672513,0.9643287471628325,0.9987721302113076
2018-04-24,000657.SZ,35.141,35.717,34.869,35.475,3491525.0,1.298,35.401,3.029,1.422,1.422,0,交易,24.947257383966246,24.71237693389592,100132.63930712095,0.991152672396898,0.9762578044068652,0.9979140239605356
2018-04-25,000657.SZ,35.141,35.353,34.657,35.051,3863990.0,-1.196,35.07,3.029,1.573,1.573,0,交易,22.282898919262557,22.340114431023522,111492.33920997202,0.9919950216388991,0.980312844737363,1.0005420672734016
2018-04-26,000657.SZ,35.293,35.444,34.142,34.687,4216098.0,-1.037,34.902,3.029,1.717,1.717,0,交易,20.202096680256258,20.555037856726848,123487.14193661764,0.9847082722040401,0.963265997065794,1.0061982875428837
2018-04-27,000657.SZ,34.96,34.96,34.384,34.536,2537417.0,-0.437,34.641,3.029,1.033,1.033,0,交易,33.43272023233301,33.8431752178122,73796.44602140531,0.9908752860411899,0.9835240274599543,1.0030403057678943
2018-05-02,000657.SZ,34.475,34.475,33.445,33.748,2984009.0,-2.281,33.864,3.029,1.215,1.215,0,交易,27.776131687242795,28.374485596707817,89221.3783824189,0.9822770123277736,0.9701232777374909,1.0034372407253762
2018-05-03,000657.SZ,33.718,34.081,33.142,33.96,3044827.0,0.628,33.637,3.029,1.24,1.24,0,交易,27.387096774193548,27.19193548387097,91872.15617645283,0.9869722132566532,0.9724479915495438,0.9904888103651355
2018-05-04,000657.SZ,33.899,34.142,33.415,33.506,2096300.0,-1.338,33.773,3.029,0.854,0.854,0,交易,39.23419203747073,39.6943793911007,62735.29851862936,0.9891921972936559,0.978706578407826,1.007968722019937
2018-05-07,000657.SZ,33.748,34.233,33.536,34.081,2691222.0,1.718,34.016,3.029,1.096,1.096,0,交易,31.095802919708028,30.791970802919703,80248.74761450381,0.9936610872549879,0.979639529109339,0.9980927789677532
2018-05-08,000657.SZ,33.96,34.717,33.899,34.596,3436084.0,1.511,34.42,3.029,1.399,1.399,0,交易,24.729092208720513,24.27448177269478,101362.40007079854,0.9914451133450471,0.9764380562836651,0.9949127066712916
2018-05-09,000657.SZ,34.566,34.869,34.263,34.778,3156897.0,0.525,34.624,3.029,1.286,1.286,0,交易,27.04354587869362,26.878693623639194,92137.20339725069,0.9929737015687288,0.9826206659210186,0.9955719132785095
2018-05-10,000657.SZ,34.687,35.111,34.445,34.657,2979341.0,-0.348,34.789,3.029,1.213,1.213,0,交易,28.571310799670233,28.59604286892003,86495.60168384381,0.9908290849021676,0.9810315855429923,1.0038087543641978
2018-05-11,000657.SZ,34.899,36.596,34.748,35.929,9504499.0,3.671,35.982,3.029,3.87,3.87,0,交易,9.283979328165374,9.017829457364341,273526.505122597,0.9832222100776041,0.9495026778882938,1.0014751315093655
2018-05-14,000657.SZ,35.596,36.171,35.141,35.808,5039405.0,-0.337,35.718,3.029,2.052,2.052,0,交易,17.450292397660817,17.346978557504872,143405.2815799209,0.9874761549307457,0.9715241491802825,0.9974865951742629
2018-05-15,000657.SZ,35.778,35.99,34.929,35.475,3837994.0,-0.931,35.372,3.029,1.563,1.563,0,交易,22.696737044145873,22.89059500959693,109879.87059463482,0.9828285634898583,0.9705195887746596,0.9970965468639886
2018-05-16,000657.SZ,35.384,35.535,34.929,35.232,2803700.0,-0.683,35.23,3.029,1.142,1.142,0,交易,30.851138353765325,30.98423817863398,80268.54476223195,0.9914169129027719,0.9829463908822289,0.9999432334241598
2018-05-17,000657.SZ,35.051,35.626,34.899,35.353,3014881.0,0.344,35.277,3.029,1.228,1.228,0,交易,28.789087947882738,28.543159609120522,86388.7503939941,0.9902037837534386,0.9795935552686241,0.9978502531609764
2018-05-18,000657.SZ,35.353,35.596,35.051,35.414,3045500.0,0.171,35.361,3.029,1.24,1.24,0,交易,28.55967741935484,28.510483870967743,86887.67795497988,0.9933981346218677,0.9846892909315655,0.9985034167278476
2018-05-21,000657.SZ,35.596,36.262,35.414,36.05,5551130.0,1.796,35.971,3.029,2.261,2.261,0,交易,15.944272445820431,15.74347633790358,156749.59055740666,0.9919750703215486,0.9766146379129668,0.9978085991678225
2018-05-22,000657.SZ,36.141,36.141,35.505,35.838,4171570.0,-0.588,35.696,3.029,1.699,1.699,0,交易,21.09358446144791,21.271924661565624,117492.46584988029,0.9876871143576548,0.9824022578235246,0.9960377253194932
2018-05-23,000657.SZ,35.535,35.838,34.99,35.051,3749038.0,-2.198,35.446,3.029,1.527,1.527,0,交易,22.954158480681077,23.271119842829076,107145.98456701914,0.9890618896143757,0.9763379652882416,1.0112692933154546
2018-05-24,000657.SZ,34.899,36.959,34.899,36.232,10824641.0,3.371,36.178,3.029,4.408,4.408,0,交易,8.219600725952812,7.917196007259528,310170.5206452907,0.9788684758786762,0.9442625612164831,0.9985096047692646
2018-05-25,000657.SZ,35.899,36.111,35.263,35.475,5450324.0,-2.09,35.561,3.029,2.219,2.219,0,交易,15.986931050022534,16.178008111762058,154562.11893486092,0.9847691839051813,0.9765168508210795,1.0024242424242424
2018-05-28,000657.SZ,35.172,35.414,34.233,34.384,4350014.0,-3.074,34.624,3.029,1.771,1.771,0,交易,19.41501976284585,19.859966120835686,127070.77965705607,0.9776924380188626,0.9666516067092109,1.0069799906933459
2018-05-29,000657.SZ,34.323,34.808,33.627,33.93,2861937.0,-1.322,34.122,3.029,1.165,1.165,0,交易,29.124463519313302,29.461802575107296,85108.3058256758,0.9802918869225465,0.9660710181567457,1.005658709106985
2018-05-30,000657.SZ,33.778,33.808,32.536,32.566,3886841.0,-4.018,33.166,3.029,1.583,1.583,0,交易,20.572331017056225,21.337965887555274,119462.77969018933,0.9810104117368669,0.9623757690487459,1.0184241233187985
2018-05-31,000657.SZ,32.597,33.172,32.597,33.081,2221015.0,1.581,32.939,3.029,0.904,0.904,0,交易,36.594026548672566,36.05862831858407,68135.56462251127,0.9929760038586761,0.9826661039430846,0.9957075058190501
2018-06-01,000657.SZ,32.688,33.627,32.627,33.172,2208000.0,0.275,33.261,3.029,0.899,0.899,0,交易,36.898776418242484,36.360400444938826,67674.01232108376,0.9891158890177536,0.9702619918517857,1.0026829856505488
2018-06-04,000657.SZ,33.687,34.172,33.506,33.657,2239305.0,1.461,33.848,3.029,0.912,0.912,0,交易,36.90460526315789,36.93749999999999,66832.95529158956,0.9905185532014515,0.9805103593585393,1.005674896752533
2018-06-05,000657.SZ,33.627,33.899,33.506,33.808,1553836.0,0.45,33.7,3.029,0.633,0.633,0,交易,53.40916271721959,53.12322274881517,46374.85823434609,0.9941296203427831,0.9884067376618779,0.9968054898248936
2018-06-06,000657.SZ,33.808,34.233,33.657,33.778,1976800.0,-0.09,33.946,3.029,0.805,0.805,0,交易,41.96024844720497,41.997515527950306,58733.69581364947,0.9916162766920807,0.9831741302252213,1.004973651489135
2018-06-07,000657.SZ,33.839,34.021,33.051,33.324,1777952.0,-1.345,33.516,3.029,0.724,0.724,0,交易,46.027624309392266,46.738950276243095,53794.1968472966,0.9851562270362423,0.9714881984656536,1.0057616132517104
2018-06-08,000657.SZ,33.536,33.536,32.688,32.869,1842400.0,-1.364,32.883,3.029,0.75,0.75,0,交易,43.82533333333333,44.714666666666666,56363.19138521781,0.9805283874045801,0.9747137404580153,1.000425933250175
2018-06-11,000657.SZ,32.748,33.051,32.566,32.9,1109400.0,0.092,32.829,3.029,0.452,0.452,0,交易,72.78761061946902,72.45132743362831,34066.20401645888,0.9932831079241172,0.9853257087531391,0.9978419452887538
2018-06-12,000657.SZ,32.869,33.142,32.445,32.96,1335700.0,0.184,32.822,3.029,0.544,0.544,0,交易,60.588235294117645,60.420955882352935,41168.13068269379,0.990344577877014,0.9789692836883712,0.9958131067961166
2018-06-13,000657.SZ,32.9,33.233,32.536,32.536,1335105.0,-1.287,32.882,3.029,0.544,0.544,0,交易,59.80882352941176,60.47794117647058,41034.70002458815,0.9894382090091175,0.979026870881353,1.0106343742316202
2018-06-14,000657.SZ,32.748,33.445,32.506,32.809,1791900.0,0.838,33.044,3.029,0.73,0.73,0,交易,44.943835616438356,44.86027397260274,55125.20765397157,0.9880101659440872,0.9719240544177007,1.007162668779908
2018-06-15,000657.SZ,32.839,32.991,32.506,32.748,2141301.0,-0.185,32.747,3.029,0.872,0.872,0,交易,37.55504587155963,37.65940366972477,65874.02325724481,0.9926040435270225,0.9852990209451062,0.9999694637840479
2018-06-19,000657.SZ,32.263,32.263,29.476,29.476,5052600.0,-9.991,30.393,3.029,2.057,2.057,0,交易,14.32960622265435,15.684491978609625,171414.03175464785,0.9420388680531879,0.9136162167188421,1.0311100556384856
2018-06-20,000657.SZ,29.537,29.779,28.537,29.507,3375105.0,0.103,29.344,3.029,1.374,1.374,0,交易,21.475254730713246,21.497088791848615,118271.19178610225,0.9853923906108332,0.9582927566405857,0.9944758870776426
2018-06-21,000657.SZ,29.416,30.749,29.083,29.234,2871471.0,-0.924,30.027,3.029,1.169,1.169,0,交易,25.00769888793841,25.1633875106929,98733.65883849672,0.9765195616117598,0.9458193762398777,1.0271259492371896
2018-06-22,000657.SZ,29.083,29.507,28.446,29.386,1858900.0,0.518,29.117,3.029,0.757,0.757,0,交易,38.81902245706737,38.418758256274764,65348.379385502354,0.986782797302335,0.9640424306096859,0.9908459810794257
2018-06-25,000657.SZ,29.688,30.203,29.234,29.295,1954801.0,-0.309,29.789,3.029,0.796,0.796,0,交易,36.802763819095475,37.2964824120603,66867.38044742424,0.9862927523755919,0.967917094328378,1.0168629458952039
2018-06-26,000657.SZ,28.961,30.264,28.871,29.991,5629771.0,2.378,29.718,3.029,2.293,2.293,0,交易,13.079372001744439,12.630178805058874,194997.43687437222,0.981958762886598,0.9539717155696537,0.9908972691807543
2018-06-27,000657.SZ,30.052,31.173,29.81,30.506,5237935.0,1.717,30.31,3.029,2.133,2.133,0,交易,14.301922175339897,14.089076418190341,175710.66756122108,0.9723157860969429,0.9562762647162609,0.9935750344194584
2018-06-28,000657.SZ,30.476,30.84,30.294,30.385,1947309.0,-0.397,30.616,3.029,0.793,0.793,0,交易,38.31651954602774,38.4312736443884,64280.35254505843,0.9927367055771725,0.982295719844358,1.00760243541221
2018-06-29,000657.SZ,30.446,30.991,30.113,30.87,1833594.0,1.595,30.665,3.029,0.747,0.747,0,交易,41.325301204819276,40.757697456492636,60890.44598678312,0.9894808170113903,0.971669194282211,0.9933592484612892
2018-07-02,000657.SZ,30.955,31.294,29.81,30.064,2447263.0,-2.61,30.54,4.24,0.712,0.712,0,交易,42.2247191011236,43.47612359550562,82095.37068097954,0.9759059244583626,0.9525787690931168,1.0158328898350186
2018-07-03,000657.SZ,30.191,30.234,29.131,30.107,1988302.0,0.141,29.804,4.24,0.578,0.578,0,交易,52.08823529411765,52.233564013840834,68253.8189557516,0.9857776013759343,0.9635178937619898,0.9899358953067393
2018-07-04,000657.SZ,30.064,30.276,29.174,29.216,1883705.0,-2.958,29.623,4.24,0.548,0.548,0,交易,53.31386861313868,54.86131386861314,64567.937204360045,0.9784317611309288,0.9636015325670498,1.0139307228915662
2018-07-05,000657.SZ,29.513,29.513,27.647,27.944,3461640.0,-4.354,28.23,4.24,1.007,1.007,0,交易,27.749751737835155,29.30784508440914,125208.52172025898,0.9565276318910311,0.936773625182123,1.0102347552247353
2018-07-06,000657.SZ,28.326,28.326,26.757,27.774,3316712.0,-0.607,27.689,4.24,0.965,0.965,0,交易,28.78134715025907,29.35336787564767,123956.79635235638,0.9775118265904116,0.9446091929675916,0.9969395837833945
2018-07-09,000657.SZ,27.605,28.411,27.562,28.198,1866531.0,1.527,28.113,4.24,0.543,0.543,0,交易,51.93001841620626,50.83793738489871,67721.17408025543,0.9895111048537537,0.9701172081236141,0.9969856018157316
2018-07-10,000657.SZ,28.326,29.428,28.029,28.962,2829461.0,2.707,28.859,4.24,0.823,0.823,0,交易,35.19076549210207,34.4179829890644,100947.62567340968,0.9806646731004486,0.9524602419464455,0.9964436157723915
2018-07-11,000657.SZ,28.198,28.411,27.435,27.944,2311340.0,-3.514,27.937,4.24,0.672,0.672,0,交易,41.58333333333333,41.96130952380952,84247.8585748132,0.9833163211432192,0.9656471085143078,0.999749498997996
2018-07-12,000657.SZ,27.944,28.792,27.817,28.538,2357160.0,2.124,28.512,4.24,0.686,0.686,0,交易,41.600583090379004,40.73469387755102,84738.10978897796,0.9902750764101139,0.966136426785218,0.9990889340528418
2018-07-13,000657.SZ,28.538,29.047,28.326,29.047,2566280.0,1.783,28.75,4.24,0.746,0.746,0,交易,38.93699731903485,38.25469168900804,90598.03713902422,0.9897751919303198,0.9751781595345475,0.9897751919303198
2018-07-16,000657.SZ,28.835,30.743,28.368,29.64,4977240.0,2.044,29.478,4.24,1.448,1.448,0,交易,20.46961325966851,19.91367403314917,175452.62267343487,0.9588524216894904,0.9227466415118889,0.9945344129554656
2018-07-17,000657.SZ,29.301,29.343,28.75,29.216,2730878.0,-1.431,29.059,4.24,0.794,0.794,0,交易,36.795969773299745,36.90302267002519,94987.06086956522,0.9903213713662543,0.9797907507753126,0.9946262322015335
2018-07-18,000657.SZ,29.259,29.386,28.919,28.919,1552900.0,-1.016,29.121,4.24,0.452,0.452,0,交易,63.980088495575224,64.73230088495575,53698.26065908226,0.9909821003198802,0.9841080786769211,1.0069850271447836
2018-07-19,000657.SZ,28.835,29.131,28.368,28.411,1824514.0,-1.76,28.724,4.24,0.531,0.531,0,交易,53.504708097928436,54.303201506591336,64315.919345741684,0.9860286292952525,0.973807970890117,1.0110168596670304
2018-07-20,000657.SZ,28.114,28.792,28.114,28.707,1320164.0,1.045,28.55,4.24,0.384,0.384,0,交易,74.7578125,73.21354166666667,46957.53005619976,0.9915948874687412,0.9764517921644901,0.9945309506392169
2018-07-23,000657.SZ,28.623,29.386,28.495,29.216,2274953.0,1.773,28.995,4.24,0.662,0.662,0,交易,44.13293051359516,43.23716012084592,79836.91875767679,0.9866943442455591,0.9696794391887293,0.9924356516976999
2018-07-24,000657.SZ,29.725,30.488,29.513,30.064,5021740.0,2.903,30.025,4.24,1.461,1.461,0,交易,20.57768651608487,20.345653661875428,170153.4916816318,0.9848136971923379,0.9680202046706902,0.9987027674294837
2018-07-25,000657.SZ,29.895,30.87,29.81,30.616,5617267.0,1.834,30.299,4.24,1.634,1.634,0,交易,18.736842105263158,18.29559363525092,188435.65917477358,0.9815030774214447,0.9656624554583737,0.9896459367650902
2018-07-26,000657.SZ,30.319,30.531,29.895,30.107,3642820.0,-1.662,30.151,4.24,1.06,1.06,0,交易,28.402830188679243,28.602830188679242,121853.82170931595,0.9875536340113328,0.9791687137663359,1.0014614541468763
2018-07-27,000657.SZ,30.149,30.658,29.937,30.107,3009045.0,0.0,30.196,4.24,0.875,0.875,0,交易,34.408,34.456,100512.57641046196,0.984930523843695,0.9764824841803118,1.002956123160727
2018-07-30,000657.SZ,30.149,30.361,29.131,29.343,4815520.0,-2.535,29.726,4.24,1.401,1.401,0,交易,20.944325481798714,21.519628836545326,165305.68809858913,0.9790850103751523,0.9594875004117124,1.0130525167842415
2018-07-31,000657.SZ,29.598,30.616,29.259,30.361,6266920.0,3.468,30.062,4.24,1.823,1.823,0,交易,16.65441579813494,16.235874931431706,214187.77128404935,0.9819048863339431,0.9556767703161746,0.9901518395309773
2018-08-01,000657.SZ,30.022,30.361,29.343,29.386,3672554.0,-3.212,29.792,4.24,1.068,1.068,0,交易,27.51498127340824,28.110486891385765,125159.45881470879,0.9812588518164751,0.9664701426171733,1.0138161029061459
2018-08-02,000657.SZ,29.259,29.259,27.605,28.198,3854920.0,-4.04,28.303,4.24,1.121,1.121,0,交易,25.154326494201605,26.100802854594114,139645.71635573264,0.9673262927646195,0.9434703851806282,1.0037236683452728
2018-08-03,000657.SZ,28.495,28.877,28.071,28.241,2227900.0,0.15,28.499,4.24,0.648,0.648,0,交易,43.58179012345679,43.973765432098766,79366.60610594564,0.9869099975759255,0.9720885133497248,1.0091356538366205
2018-08-06,000657.SZ,28.283,28.538,27.054,27.308,2776007.0,-3.303,27.688,4.24,0.807,0.807,0,交易,33.83890954151177,35.04708798017348,102609.85436534339,0.9702151517275212,0.9479991590160487,1.0139153361652262
2018-08-07,000657.SZ,27.605,28.114,27.011,28.071,2829021.0,2.795,27.655,4.24,0.823,0.823,0,交易,34.10814094775213,33.54191980558931,104735.88538003036,0.9836736145692537,0.9607668777121718,0.9851804353247123
2018-08-08,000657.SZ,28.156,28.453,27.605,27.986,2564280.0,-0.302,28.155,4.24,0.746,0.746,0,交易,37.51474530831099,37.742627345844504,92891.86741532332,0.9895265877060416,0.9701964643447089,1.0060387336525405
2018-08-09,000657.SZ,27.986,29.428,27.69,28.792,3329000.0,2.879,28.739,4.24,0.968,0.968,0,交易,29.743801652892564,28.91115702479339,120223.90754785121,0.9765869240179421,0.9409406007883648,0.9981592108919144
2018-08-10,000657.SZ,28.453,28.75,28.241,28.538,2427302.0,-0.884,28.461,4.24,0.706,0.706,0,交易,40.422096317280456,40.301699716713884,85949.57685634361,0.9899478260869564,0.982295652173913,0.9973018431564931
2018-08-13,000657.SZ,28.156,28.411,27.69,28.326,1816060.0,-0.743,28.054,4.24,0.528,0.528,0,交易,53.64772727272727,53.32575757575757,65585.40989526904,0.9874344444053359,0.9746225053676393,0.9903975146508507
2018-08-14,000657.SZ,28.071,29.259,28.071,28.623,3330820.0,1.048,28.638,4.24,0.969,0.969,0,交易,29.538699690402478,28.96904024767802,118656.97695130204,0.9787757613042142,0.9593971085819748,1.0005240540823814
2018-08-15,000657.SZ,31.506,31.506,31.506,31.506,5902901.0,10.074,31.506,4.24,1.717,1.717,0,交易,18.34944670937682,18.34944670937682,187357.99530248207,1.0,1.0,1.0
2018-08-16,000657.SZ,32.608,34.644,31.718,32.1,35690574.0,1.884,33.053,4.24,10.381,10.381,0,交易,3.0921876505153647,3.1411232058568537,1125246.6738129768,0.9540757418311973,0.9155409306084749,1.0296884735202492
2018-08-17,000657.SZ,30.573,31.591,29.471,29.895,21383813.0,-6.869,30.408,4.24,6.22,6.22,0,交易,4.806270096463023,4.915273311897106,725588.307149401,0.9625526257478396,0.9328922794466779,1.0171600602107376
2018-08-20,000657.SZ,29.937,30.87,28.919,29.852,10674428.0,-0.142,29.781,4.24,3.105,3.105,0,交易,9.614170692431562,9.641545893719806,369114.6996784121,0.9647230320699708,0.9367994816974409,0.9976215998928044
2018-08-21,000657.SZ,29.301,30.446,29.301,29.937,10301778.0,0.284,29.886,4.24,2.996,2.996,0,交易,9.992323097463284,9.780040053404539,351584.51929968264,0.9816067792156604,0.9623924325034486,0.9982964224872231
2018-08-22,000657.SZ,29.725,29.725,28.495,28.665,7961771.0,-4.249,29.19,4.24,2.316,2.316,0,交易,12.376943005181348,12.8346286701209,279409.4051587998,0.9820016820857864,0.9586206896551724,1.0183150183150185
2018-08-23,000657.SZ,28.75,29.004,28.241,28.495,5293748.0,-0.592,28.599,4.24,1.54,1.54,0,交易,18.503246753246753,18.66883116883117,187449.0280089232,0.9860364087712039,0.973693283685009,1.0036497631163361
2018-08-24,000657.SZ,28.623,28.707,28.241,28.538,4927885.0,0.149,28.497,4.24,1.433,1.433,0,交易,19.91486392184229,19.974180041870202,174493.9980878864,0.9926847110460862,0.9837670254641725,0.9985633190833275
2018-08-27,000657.SZ,28.75,29.301,28.75,29.216,6248466.0,2.377,29.064,4.24,1.817,1.817,0,交易,16.079251513483765,15.822784810126583,217337.94782608695,0.9919115388553292,0.9811951810518413,0.9947973713033954
2018-08-28,000657.SZ,29.259,30.191,28.962,29.937,8731120.0,2.467,29.687,4.24,2.54,2.54,0,交易,11.786220472440945,11.519291338582677,301468.13065396034,0.9833062833294691,0.9592925043887252,0.9916491298393293
2018-08-29,000657.SZ,29.895,29.895,29.343,29.428,4923000.0,-1.7,29.505,4.24,1.432,1.432,0,交易,20.55027932960894,20.876396648044693,167774.25621102136,0.9869543401906673,0.9815353738083291,1.002616555661275
2018-08-30,000657.SZ,29.004,29.428,28.665,28.707,4358481.0,-2.45,29.038,4.24,1.268,1.268,0,交易,22.639589905362776,22.873817034700316,152048.87493458923,0.986747315481854,0.9740723120837297,1.0115302887797402
2018-08-31,000657.SZ,28.453,28.623,28.114,28.241,4487162.0,-1.625,28.31,4.24,1.305,1.305,0,交易,21.640613026819924,21.80306513409962,159605.9614426976,0.9890647381476434,0.9822170981378612,1.002443256258631
2018-09-03,000657.SZ,28.241,28.241,27.52,28.029,3006760.0,-0.751,27.831,4.24,0.875,0.875,0,交易,32.033142857142856,32.27542857142857,109257.26744186047,0.9854821004921922,0.974469742572855,0.9929358878304613
2018-09-04,000657.SZ,28.071,28.495,27.859,28.326,2969347.0,1.059,28.156,4.24,0.864,0.864,0,交易,32.78472222222222,32.489583333333336,106584.83793388132,0.9881031759957887,0.9776802947885594,0.9939984466567817
2018-09-05,000657.SZ,28.283,28.283,27.308,27.435,3660873.0,-3.144,27.794,4.24,1.065,1.065,0,交易,25.760563380281692,26.55680751173709,134058.62750842245,0.9827104621150514,0.9655269950146731,1.0130854747585203
2018-09-06,000657.SZ,27.393,28.029,27.181,27.435,3064273.0,0.0,27.572,4.24,0.891,0.891,0,交易,30.79124579124579,30.744107744107744,112735.84489165225,0.9836954582753576,0.9697456206072282,1.0049936212866777
2018-09-07,000657.SZ,27.435,27.817,27.054,27.266,3730040.0,-0.618,27.373,4.24,1.085,1.085,0,交易,25.129953917050692,25.285714285714285,137873.88186589786,0.9840385375849301,0.9725707301290577,1.0039243013276609
2018-09-10,000657.SZ,27.52,27.52,26.078,26.163,3632760.0,-4.044,26.658,4.24,1.057,1.057,0,交易,24.75212866603595,26.035950804162727,139303.62757880206,0.9686773255813954,0.9476017441860465,1.018919848641211
2018-09-11,000657.SZ,26.29,26.375,25.654,25.951,2444027.0,-0.81,26.016,4.24,0.711,0.711,0,交易,36.49929676511955,36.976090014064695,95268.8469634365,0.986388625592417,0.9726635071090047,1.0025047204346653
2018-09-12,000657.SZ,26.078,26.163,25.781,25.909,1869084.0,-0.163,25.951,4.24,0.544,0.544,0,交易,47.62683823529411,47.93749999999999,72498.50665218572,0.9918969537132591,0.9853992279172877,1.0016210583195029
2018-09-13,000657.SZ,26.036,26.587,25.866,26.333,4229735.0,1.637,26.156,4.24,1.23,1.23,0,交易,21.408943089430892,21.16747967479675,163524.8975489059,0.9837890698461654,0.9728814834317524,0.9932783959290624
2018-09-14,000657.SZ,26.29,27.393,26.121,26.545,5352816.0,0.805,26.771,4.24,1.557,1.557,0,交易,17.048811817597947,16.885035324341683,204923.8543700471,0.9772934691344504,0.9535647793231847,1.008513844415144
2018-09-17,000657.SZ,26.418,26.502,25.697,25.739,3030515.0,-3.035,25.886,4.24,0.881,0.881,0,交易,29.21566401816118,29.98637911464245,117932.63805113437,0.97675647120972,0.9696249339672478,1.0057111775904268
2018-09-18,000657.SZ,25.781,26.121,25.612,26.078,2749560.0,1.318,25.93,4.24,0.8,0.8,0,交易,32.5975,32.22624999999999,107354.36514134001,0.9926878756556028,0.9805137628727844,0.9943247181532326
2018-09-19,000657.SZ,26.248,27.223,26.078,26.714,5566975.0,2.439,26.743,4.24,1.619,1.619,0,交易,16.500308832612724,16.212476837554046,213474.00107370198,0.9823678507144694,0.9579399772251406,1.0010855731077337
2018-09-20,000657.SZ,26.375,27.138,26.375,26.587,5552955.0,-0.476,26.805,4.24,1.615,1.615,0,交易,16.462538699690402,16.3312693498452,210538.57819905214,0.9877293831527746,0.9718844424791804,1.0081994959942828
2018-09-21,000657.SZ,26.63,26.969,26.206,26.757,5030493.0,0.638,26.616,4.24,1.463,1.463,0,交易,18.28913192071087,18.202323991797673,191959.58940700605,0.9869108976973562,0.9717082576291297,0.9947303509362035
2018-09-25,000657.SZ,26.63,26.884,26.418,26.587,2481034.0,-0.634,26.563,4.24,0.722,0.722,0,交易,36.82409972299169,36.88365650969529,93914.5279733515,0.9880598125278975,0.9826662699003124,0.9990973031932899
2018-09-26,000657.SZ,26.63,26.799,26.418,26.587,3206581.0,0.0,26.597,4.24,0.933,0.933,0,交易,28.496248660235796,28.542336548767413,121378.64334923158,0.9924624053136312,0.9857830516064032,1.0003761236694626
2018-09-27,000657.SZ,26.545,26.63,26.078,26.078,2817135.0,-1.914,26.367,4.24,0.819,0.819,0,交易,31.841269841269842,32.411477411477414,108027.26436076386,0.9901239203905371,0.9792714983101765,1.0110821382007824
2018-09-28,000657.SZ,26.163,26.714,26.121,26.502,3388454.0,1.626,26.51,4.24,0.986,0.986,0,交易,26.878296146044622,26.53448275862069,129721.45017418936,0.9923635546904246,0.9778019016246163,1.0003018640102634
2018-10-08,000657.SZ,26.206,26.418,25.442,25.569,4087764.0,-3.52,25.965,4.24,1.189,1.189,0,交易,21.50462573591253,22.040370058873002,160669.91588711579,0.9828526004996594,0.9630554924672572,1.0154875043998592
2018-10-09,000657.SZ,25.739,26.078,25.654,25.909,2237561.0,1.327,25.862,4.24,0.651,0.651,0,交易,39.79877112135176,39.53763440860215,87220.74530287675,0.9917171562236368,0.9837410844389908,0.9981859585472229
2018-10-10,000657.SZ,26.163,26.248,25.781,26.036,1900110.0,0.491,26.016,4.24,0.553,0.553,0,交易,47.08137432188065,47.311030741410484,73701.9510492223,0.9911612313319109,0.9822081682413897,0.9992318328468274
2018-10-11,000657.SZ,24.594,25.188,23.449,23.449,6730508.0,-9.935,24.091,4.24,1.958,1.958,0,交易,11.975995914198162,12.560776302349337,287027.5065034756,0.9564475146895348,0.9309591869144038,1.02737856625016
2018-10-12,000657.SZ,23.492,23.492,21.414,22.474,5399129.0,-4.159,22.457,4.24,1.57,1.57,0,交易,14.314649681528662,14.963057324840765,252130.80227888297,0.9559424484931041,0.9115443555252852,0.9992435703479576
2018-10-15,000657.SZ,22.771,22.898,21.965,22.092,2980689.0,-1.698,22.399,4.24,0.867,0.867,0,交易,25.480968858131487,26.2641291810842,135701.7527885272,0.9782077037295834,0.9592540833260547,1.013896433097954
2018-10-16,000657.SZ,22.262,22.474,21.329,21.668,3601010.0,-1.919,21.815,4.24,1.047,1.047,0,交易,20.695319961795608,21.26265520534862,168831.637676403,0.9706772270178874,0.9490522381418528,1.0067841978955143
2018-10-17,000657.SZ,22.516,22.686,21.541,21.923,3432005.0,1.174,22.057,4.24,0.998,0.998,0,交易,21.96693386773547,22.561122244488978,159324.3117775405,0.9722736489464867,0.9495283434717448,1.0061123021484286
2018-10-18,000657.SZ,21.626,21.923,21.287,21.414,2867448.0,-2.321,21.504,4.24,0.834,0.834,0,交易,25.676258992805757,25.930455635491608,134704.1856532156,0.9808876522373764,0.970989371892533,1.0042028579434015
2018-10-19,000657.SZ,20.99,21.753,20.693,21.584,3755559.0,0.792,21.222,4.24,1.092,1.092,0,交易,19.765567765567763,19.22161172161172,181489.34422268398,0.9755895738518826,0.9512710890451892,0.9832283172720534
2018-10-22,000657.SZ,21.88,22.728,21.711,22.389,5229594.0,3.733,22.303,4.24,1.521,1.521,0,交易,14.719921104536489,14.385272846811308,240873.01367970154,0.9813005983808518,0.9552534318901794,0.996158827995891
2018-10-23,000657.SZ,22.432,22.516,21.796,21.965,4555828.0,-1.894,22.066,4.24,1.325,1.325,0,交易,16.577358490566038,16.929811320754716,209021.2883097816,0.9800142121158287,0.968022739385326,1.0045982244479854
2018-10-24,000657.SZ,21.88,22.347,21.668,22.092,3786847.0,0.579,22.053,4.24,1.101,1.101,0,交易,20.065395095367847,19.872842870118074,174766.79896621747,0.9868438716606256,0.9696156083590638,0.9982346550787616
2018-10-25,000657.SZ,21.075,22.05,21.032,22.008,3481954.0,-0.384,21.568,4.24,0.767,1.013,0,交易,21.725567620927936,27.477183833116037,165555.05895777862,0.9781405895691611,0.9538321995464852,0.9800072700836061
2018-10-26,000657.SZ,22.262,22.644,22.008,22.22,4914877.0,0.963,22.294,4.24,1.083,1.43,0,交易,15.538461538461538,20.555863342566944,223322.29189385677,0.9845433668963082,0.9719130895601484,1.0033303330333034
2018-10-29,000657.SZ,22.008,22.22,21.711,22.092,2666139.0,-0.573,22.058,4.24,0.588,0.775,0,交易,28.5058064516129,37.42857142857143,122801.2988807517,0.9927092709270927,0.9770927092709271,0.9984609813507153
2018-10-30,000657.SZ,22.092,22.474,21.753,22.262,3683822.0,0.768,22.129,4.24,0.812,1.072,0,交易,20.76679104477612,27.206896551724135,169347.76812393693,0.9846489276497287,0.967918483581027,0.9940256940077262
2018-10-31,000657.SZ,22.432,24.382,22.304,23.237,8544812.0,4.381,23.332,4.24,1.883,2.485,0,交易,9.350905432595573,11.912904938927243,383106.7073170732,0.9569354441801329,0.9147731933393486,1.0040883074407196
2018-11-01,000657.SZ,23.025,23.534,22.94,23.025,5776797.0,-0.912,23.211,4.24,1.273,1.68,0,交易,13.705357142857142,18.087195600942657,251822.01394943328,0.9862751763406136,0.9747599218152462,1.0080781758957655
2018-11-02,000657.SZ,23.322,23.831,22.898,23.576,5994382.0,2.394,23.34,4.24,1.321,1.744,0,交易,13.518348623853212,17.654806964420892,261786.26954319153,0.9793965842809785,0.9608493139188452,0.9899898201560909
2018-11-05,000657.SZ,23.619,23.873,23.152,23.534,3949839.0,-0.18,23.537,4.24,0.871,1.149,0,交易,20.482158398607485,27.117106773823192,170604.65618521077,0.9859255225568633,0.9697985171532694,1.0001274751423472
2018-11-06,000657.SZ,23.746,24.849,23.534,24.425,8830042.0,3.784,24.338,4.24,1.946,2.568,0,交易,9.511292834890966,12.202466598150052,375203.6202940427,0.9794357921847962,0.9470803654070585,0.9964380757420676
2018-11-07,000657.SZ,24.255,26.078,24.043,24.764,11715912.0,1.389,25.057,4.24,2.582,3.408,0,交易,7.266431924882629,9.393880712625872,487289.93885954336,0.960848224557098,0.9219648746069484,1.0118316911645937
2018-11-08,000657.SZ,24.721,24.806,24.085,24.17,5971161.0,-2.397,24.353,4.24,1.316,1.737,0,交易,13.914795624640185,18.784954407294833,247920.32385302056,0.9817382891235992,0.9709344513424172,1.0075713694662805
2018-11-09,000657.SZ,24.213,24.425,23.789,23.873,3744184.0,-1.228,24.014,4.24,0.825,1.089,0,交易,21.92194674012856,29.34909090909091,157391.39938627096,0.9831729785056295,0.9739611054247698,1.0059062539270305
2018-11-12,000657.SZ,24.043,24.594,23.619,24.594,5450663.0,3.02,24.239,4.24,1.201,1.585,0,交易,15.516719242902209,20.019150707743545,230774.50357762817,0.9855655851020574,0.9603561844352281,0.9855655851020574
2018-11-13,000657.SZ,24.17,25.612,24.001,25.569,9734879.0,3.966,25.013,4.24,2.146,2.832,0,交易,9.028601694915254,11.26281453867661,405603.05820590805,0.9766125253787289,0.9370997969701703,0.9782549180648442
2018-11-14,000657.SZ,26.121,27.266,25.273,25.4,14863026.0,-0.663,26.21,4.24,3.276,4.323,0,交易,5.875549386999768,7.9734432234432235,588098.9989316663,0.9612704467101886,0.9269053033081494,1.0318897637795277
2018-11-15,000657.SZ,25.909,26.163,25.23,26.036,10563130.0,2.504,25.692,4.24,2.328,3.072,0,交易,8.475260416666666,11.129295532646049,418673.40467697184,0.9819974773535145,0.964338951955051,0.9867875249654324
2018-11-16,000657.SZ,26.206,28.326,25.866,27.562,20546330.0,5.863,27.077,4.24,4.528,5.976,0,交易,4.612115127175368,5.787544169611308,794337.3540555169,0.955906234554826,0.9131539927981359,0.9824033089035629
2018-11-19,000657.SZ,27.096,27.817,26.969,27.69,14432387.0,0.462,27.347,4.24,3.181,4.198,0,交易,6.595998094330633,8.518076076705439,535147.2802106121,0.983103857353417,0.9695150447568034,0.9876128566269411
2018-11-20,000657.SZ,27.181,27.52,26.036,26.078,9853485.0,-5.819,26.796,4.24,2.172,2.866,0,交易,9.099092812281926,12.51427255985267,378456.17606391147,0.9736918604651162,0.9460755813953489,1.0275327862566148
2018-11-21,000657.SZ,25.909,26.587,25.569,26.502,6423870.0,1.626,26.208,4.24,1.416,1.868,0,交易,14.187366167023553,18.297316384180792,251236.653760413,0.9857449129273704,0.9617106104487155,0.9889064976228209
2018-11-22,000657.SZ,26.545,26.545,25.951,26.163,4821255.0,-1.28,26.194,4.24,1.063,1.402,0,交易,18.661198288159774,24.97177798682973,185783.0141420369,0.9867771708419664,0.9776229045017893,1.0011848794098535
2018-11-23,000657.SZ,26.248,26.375,23.916,24.17,10192672.0,-7.618,24.801,4.24,2.246,2.965,0,交易,8.15177065767285,11.686553873552983,426186.31878240505,0.9403222748815165,0.9067677725118484,1.0261067438973934
2018-11-26,000657.SZ,24.128,24.467,23.789,23.831,4094244.0,-1.404,24.091,4.24,0.902,1.191,0,交易,20.009235936188077,26.749445676274945,172106.60389255537,0.9846323619569216,0.9722892058691299,1.010910159036549
2018-11-27,000657.SZ,24.17,24.382,23.873,24.085,3466904.0,1.068,24.133,4.24,0.764,1.008,0,交易,23.893849206349206,31.636125654450264,145222.80400452393,0.9897875481912886,0.9791239438930358,1.0019929416649367
2018-11-28,000657.SZ,23.958,25.018,23.534,24.637,5833197.0,2.289,24.329,4.24,1.286,1.697,0,交易,14.51797289334119,18.629860031104197,247862.53930483558,0.9724598289231753,0.940682708449916,0.9874984778990948
2018-11-29,000657.SZ,24.637,25.018,23.534,23.704,7384206.0,-3.787,24.435,4.24,1.627,2.148,0,交易,11.035381750465548,15.142593730792871,313767.5703237869,0.9766967783196098,0.940682708449916,1.0308386770165372
2018-11-30,000657.SZ,23.746,24.085,23.322,23.831,4398580.0,0.537,23.683,4.24,0.969,1.279,0,交易,18.632525410476937,24.505675954592363,188602.17820084043,0.9833091135561552,0.9683205314511106,0.9937896017791952
2018-12-03,000657.SZ,24.467,24.806,24.297,24.594,5628179.0,3.203,24.574,4.24,1.24,1.637,0,交易,15.023824068417838,19.731451612903225,231640.90216899206,0.9906474240103201,0.9794807707812626,0.9991867935268764
2018-12-04,000657.SZ,25.061,25.061,24.467,24.849,3993883.0,1.034,24.72,4.24,0.88,1.162,0,交易,21.384681583476766,28.47840909090909,163235.50087873463,0.986393200590559,0.9762978332867802,0.9948086442110345
2018-12-05,000657.SZ,24.467,26.163,24.085,25.315,10789238.0,1.877,25.273,4.24,2.378,3.138,0,交易,8.067240280433397,10.288898233809924,447965.04048162757,0.9659824943622674,0.9205748576233612,0.9983409046020145
2018-12-06,000657.SZ,24.764,25.23,24.594,24.637,6118784.0,-2.68,24.843,4.24,1.349,1.78,0,交易,13.841011235955056,18.35730170496664,248791.73782223306,0.9846611177170036,0.9747919143876338,1.0083614076389171
2018-12-07,000657.SZ,24.806,24.891,24.297,24.509,2759210.0,-0.516,24.574,4.24,0.608,0.803,0,交易,30.52179327521793,40.79934210526316,113561.75659546445,0.987264473102728,0.9761359527540076,1.0026520869884532
2018-12-10,000657.SZ,24.382,24.764,24.001,24.213,2637690.0,-1.211,24.282,4.24,0.581,0.767,0,交易,31.56844850065189,41.96557659208262,109899.1708678805,0.9805362623162656,0.9691891455338395,1.0028497088340973
2018-12-11,000657.SZ,24.594,24.933,24.255,24.425,2599020.0,0.876,24.461,4.24,0.573,0.756,0,交易,32.30820105820106,42.921465968586396,107153.98886827458,0.9810692656318935,0.9728071230898808,1.0014738996929375
2018-12-12,000657.SZ,24.509,24.806,24.382,24.679,2515710.0,1.042,24.604,4.24,0.554,0.732,0,交易,33.71448087431694,44.24007220216606,103178.9844967599,0.9918568088365717,0.9829073611223091,0.9969609789699745
2018-12-13,000657.SZ,24.721,24.976,24.382,24.721,3461390.0,0.172,24.725,4.24,0.763,1.007,0,交易,24.549155908639527,32.3997378768021,141964.9741612665,0.9899503523382448,0.9762171684817426,1.0001618057521946
2018-12-14,000657.SZ,24.806,24.806,23.619,23.958,3447414.0,-3.087,24.168,4.24,0.76,1.003,0,交易,23.886340977068794,32.63947368421053,145959.3547567636,0.9742804160283801,0.9521486737079738,1.0087653393438518
2018-12-17,000657.SZ,23.958,24.128,23.661,24.001,1580609.0,0.177,23.919,4.24,0.348,0.46,0,交易,52.176086956521736,68.84482758620689,66802.29068931997,0.9913378647214854,0.9806448938992043,0.9965834756885129
2018-12-18,000657.SZ,24.001,24.043,23.237,23.492,2798130.0,-2.12,23.612,4.24,0.617,0.814,0,交易,28.859950859950864,38.899513776337116,120417.0073589534,0.9820737844694921,0.9664767291935282,1.005108121913843
2018-12-19,000657.SZ,23.746,23.746,23.28,23.449,2130563.0,-0.181,23.495,4.24,0.47,0.62,0,交易,37.82096774193548,50.52340425531915,91519.029209622,0.9894297987029396,0.9803756422134255,1.001961704123843
2018-12-20,000657.SZ,23.492,23.619,23.152,23.449,2297413.0,0.0,23.369,4.24,0.506,0.668,0,交易,35.10329341317365,46.426877470355734,99231.72944022114,0.9894153012405267,0.9802277827173039,0.9965883406541856
2018-12-21,000657.SZ,24.255,24.382,23.449,23.704,4488087.0,1.085,23.862,4.24,0.989,1.305,0,交易,18.1639846743295,24.524772497472192,191397.79947972193,0.9786727914034943,0.9617340661143466,1.0066655416807289
2018-12-24,000657.SZ,23.704,23.746,23.237,23.407,2566626.0,-1.252,23.403,4.24,0.566,0.747,0,交易,31.33467202141901,41.87985865724382,110454.2755088867,0.9855554619725427,0.9785648109155226,0.9998291109497158
2018-12-25,000657.SZ,23.237,23.237,22.304,22.771,2805371.0,-2.717,22.662,4.24,0.618,0.816,0,交易,27.905637254901965,37.60032362459547,125778.82890961264,0.9752549812798554,0.9598485174506175,0.9952132097843748
2018-12-26,000657.SZ,23.025,23.068,22.644,22.686,1887302.0,-0.372,22.811,4.24,0.416,0.549,0,交易,41.322404371584696,55.34855769230769,83346.67019961138,0.988859025489856,0.9816195595630309,1.005510006171207
2018-12-27,000657.SZ,23.025,23.195,22.304,22.347,2129005.0,-1.495,22.711,4.24,0.469,0.619,0,交易,36.10177705977383,49.09381663113006,95453.95444763271,0.9791334339297262,0.9615865488251778,1.0162885398487491
2018-12-28,000657.SZ,22.304,22.686,21.965,22.559,1980800.0,0.949,22.42,4.24,0.437,0.576,0,交易,39.16493055555556,51.03890160183066,90179.83155019348,0.9882747068676717,0.9682182844044785,0.9938383793607873
2019-01-02,000657.SZ,22.516,22.559,22.05,22.22,1953544.0,-1.504,22.303,4.24,0.431,0.568,0,交易,39.11971830985916,52.24129930394431,88596.09977324263,0.9886519792543995,0.9774369431269117,1.0037353735373538
2019-01-03,000657.SZ,22.304,22.771,22.05,22.516,2332176.0,1.336,22.449,4.24,0.514,0.678,0,交易,33.209439528023594,43.39299610894941,105767.61904761904,0.9858592068859514,0.9683369197663695,0.9970243382483569
2019-01-04,000657.SZ,22.347,23.152,22.177,23.152,3527060.0,2.825,22.824,4.24,0.777,1.026,0,交易,22.565302144249515,28.760617760617762,159041.3491455111,0.9858327574291638,0.957887007601935,0.9858327574291638
2019-01-07,000657.SZ,23.28,24.552,23.152,24.085,5636272.0,4.029,23.74,4.24,1.242,1.639,0,交易,14.694935936546676,18.743961352657006,243446.44091223218,0.9669273378950798,0.9429781687846205,0.9856757317832675
2019-01-08,000657.SZ,23.873,24.001,23.492,23.576,3409601.0,-2.113,23.672,4.24,0.751,0.992,0,交易,23.766129032258064,31.78828229027963,145138.8132130087,0.986292237823424,0.9787925503104037,1.004071937563624
2019-01-09,000657.SZ,23.746,24.001,23.492,23.576,4570670.0,0.0,23.783,4.24,1.007,1.329,0,交易,17.739653875094056,23.58093346573982,194562.82989954026,0.9909170451231198,0.9787925503104037,1.0087801153715643
2019-01-10,000657.SZ,23.449,23.831,23.449,23.661,3352553.0,0.36,23.662,4.24,0.739,0.975,0,交易,24.26769230769231,31.730717185385657,142972.10968484796,0.9929083966262431,0.9839704586463012,1.00004226364059
2019-01-11,000657.SZ,23.746,24.297,23.661,24.128,4997926.0,1.971,24.053,4.24,1.102,1.454,0,交易,16.594222833562586,21.548094373865695,211230.54815941845,0.989957607935136,0.9738239288801087,0.9968915782493369
2019-01-14,000657.SZ,24.001,24.425,23.958,24.128,4024910.0,0.0,24.149,4.24,0.887,1.171,0,交易,20.60461144321093,27.058624577226606,167998.58084982054,0.9887001023541454,0.9808802456499487,1.0008703580901857
2019-01-15,000657.SZ,24.128,24.425,23.873,24.382,3559308.0,1.054,24.275,4.24,0.784,1.035,0,交易,23.557487922705317,30.77551020408163,149093.45285468939,0.9938587512794267,0.9774002047082907,0.995611516692642
2019-01-16,000657.SZ,24.425,24.552,23.916,24.001,2924860.0,-1.565,24.149,4.24,0.645,0.851,0,交易,28.20329024676851,37.86821705426357,122297.20689078441,0.9835858585858587,0.9740957966764419,1.0061664097329277
2019-01-17,000657.SZ,24.128,24.382,23.704,23.958,2627373.0,-0.177,24.029,4.24,0.579,0.764,0,交易,31.358638743455494,41.67184801381693,110840.91292608842,0.9855221064719875,0.9721926010991715,1.002963519492445
2019-01-18,000657.SZ,23.916,25.061,23.789,24.34,6683400.0,1.593,24.522,4.24,1.473,1.944,0,交易,12.520576131687243,16.236252545824847,280944.97456807765,0.978492478352819,0.9492438450181557,1.0074774034511091
2019-01-21,000657.SZ,24.255,24.509,24.17,24.382,3517000.0,0.174,24.344,4.24,0.775,1.023,0,交易,23.83382209188661,31.296774193548384,145510.96400496483,0.9932677791831572,0.9861683463217594,0.9984414732179476
2019-01-22,000657.SZ,24.297,24.425,23.746,23.916,2732223.0,-1.913,24.0,4.24,0.602,0.795,0,交易,30.083018867924526,40.36046511627907,115060.3470058115,0.9825997952917093,0.972200614124872,1.0035122930255895
2019-01-23,000657.SZ,24.001,24.085,23.619,24.043,2041620.0,0.532,23.88,4.24,0.45,0.594,0,交易,40.476430976430976,53.33555555555556,86439.73072526357,0.9914884783059995,0.9806518580029063,0.993220479973381
2019-01-24,000657.SZ,24.085,24.085,23.789,24.085,1795220.0,0.176,23.967,4.24,0.396,0.522,0,交易,46.13984674329502,60.82070707070707,75464.29021816805,0.9951006850736972,0.9877101930662238,0.9951006850736972
2019-01-25,000657.SZ,24.085,24.085,23.576,23.619,2597495.0,-1.937,23.771,4.24,0.572,0.756,0,交易,31.24206349206349,42.10664335664336,110175.39022734984,0.9869628399418725,0.9788665144280673,1.0064354968457598
2019-01-28,000657.SZ,23.789,23.873,23.11,23.322,2477260.0,-1.257,23.532,4.24,0.546,0.721,0,交易,32.34674063800277,43.569597069597066,107194.28818693207,0.9857160809282453,0.9680392074728772,1.0090043735528686
2019-01-29,000657.SZ,23.322,23.322,22.389,22.771,3087694.0,-2.364,22.689,4.24,0.681,0.898,0,交易,25.357461024498885,34.24669603524229,137911.20639599804,0.9728582454334963,0.9599948546436841,0.9963989284616398
2019-01-30,000657.SZ,22.771,22.898,22.347,22.559,1863240.0,-0.931,22.61,4.24,0.411,0.542,0,交易,41.62177121771218,55.40389294403894,83377.63458182306,0.9874224823128658,0.9759367630360731,1.0022607385079125
2019-01-31,000657.SZ,22.686,22.686,21.753,21.838,3264400.0,-3.195,22.186,4.24,0.719,0.95,0,交易,22.987368421052633,31.552155771905426,150066.65747253253,0.9779599753151723,0.9588733139381116,1.0159355252312483
2019-02-01,000657.SZ,22.008,22.644,22.008,22.559,2067640.0,3.301,22.368,4.24,0.456,0.601,0,交易,37.53577371048253,48.263157894736835,93949.47291893857,0.9878113407525172,0.9719130895601484,0.9915333126468371
2019-02-11,000657.SZ,22.601,23.237,22.601,23.237,2125207.0,3.008,22.992,4.24,0.468,0.618,0,交易,37.60032362459547,48.29273504273504,94031.54727666918,0.9894564702844603,0.9726298575547618,0.9894564702844603
2019-02-12,000657.SZ,23.195,23.534,23.152,23.449,2782842.0,0.912,23.376,4.24,0.613,0.809,0,交易,28.985166872682324,37.83849918433932,120198.77332411885,0.9932863091697121,0.9837681652077845,0.9968868608469444
2019-02-13,000657.SZ,23.534,24.043,23.407,23.873,4175281.0,1.808,23.822,4.24,0.92,1.214,0,交易,19.66474464579901,25.580434782608695,178377.451189815,0.9908081354240319,0.9735473942519652,0.9978636953880953
2019-02-14,000657.SZ,23.958,24.128,23.789,23.958,3482583.0,0.355,23.952,4.24,0.768,1.013,0,交易,23.65054294175716,31.195312499999996,146394.67821261927,0.9927055702917773,0.9859499336870027,0.999749561733033
2019-02-15,000657.SZ,23.746,24.382,23.746,23.958,3611884.0,0.0,24.071,4.24,0.796,1.051,0,交易,22.795432921027594,29.831658291457284,152104.94399056686,0.9872446887047822,0.9739151833319661,1.0047165873612156
2019-02-18,000657.SZ,23.916,24.594,23.916,24.594,5152605.0,2.655,24.432,4.24,1.136,1.499,0,交易,16.40693795863909,21.052816901408452,215445.93577521323,0.9934130275676993,0.9724323005611124,0.9934130275676993
2019-02-19,000657.SZ,24.679,24.849,24.17,24.509,5030560.0,-0.345,24.537,4.24,1.109,1.463,0,交易,16.752563226247435,22.25338142470694,208132.39553165078,0.9874441627429674,0.9726749567387019,1.001142437471949
2019-02-20,000657.SZ,24.594,25.357,24.552,24.933,6767670.0,1.73,24.889,4.24,1.492,1.968,0,交易,12.669207317073171,16.483914209115284,275646.38318670576,0.981543557991876,0.9682533422723508,0.998235270525007
2019-02-21,000657.SZ,24.764,25.951,24.679,25.315,10473540.0,1.531,25.459,4.24,2.308,3.046,0,交易,8.310899540380829,10.729636048526864,424390.77758418093,0.9810411930176101,0.9509845478016261,1.005688327078807
2019-02-22,000657.SZ,25.23,25.485,24.721,25.442,7623145.0,0.503,25.142,4.24,1.68,2.217,0,交易,11.475868290482634,15.017857142857144,308367.17770316737,0.9865411026093781,0.9700215813223465,0.9882084741765584
2019-02-25,000657.SZ,25.612,27.223,25.357,27.011,17251978.0,6.167,26.441,4.24,3.802,5.018,0,交易,5.382821841371064,6.736454497632824,680363.5288086131,0.971274290122323,0.9314550196524998,0.9788974862093222
2019-02-26,000657.SZ,27.138,28.707,26.672,27.35,22567045.0,1.256,27.625,4.24,4.974,6.564,0,交易,4.166666666666667,5.455971049457178,846094.9685062987,0.9623088445326924,0.929111366565646,1.0100548446069468
2019-02-27,000657.SZ,27.35,27.774,26.672,27.138,13708176.0,-0.775,27.23,4.24,3.021,3.987,0,交易,6.806621519939805,9.053293611386959,513953.80923815235,0.9804133362137251,0.9603226038741268,1.0033900803301643
2019-02-28,000657.SZ,27.096,27.308,26.672,26.926,6982609.0,-0.781,26.999,4.24,1.539,2.031,0,交易,13.257508616445099,17.606237816764132,261795.47840431912,0.9886846345393291,0.9767101215760949,1.0027111342197133
2019-03-01,000657.SZ,26.926,27.096,26.078,26.884,7407684.0,-0.157,26.625,4.24,1.633,2.155,0,交易,12.475174013921116,16.488671157379056,284058.74683641386,0.9826173604960141,0.9624298789489223,0.9903660169617616
2019-03-04,000657.SZ,27.096,27.732,26.884,27.011,13992894.0,0.473,27.237,4.24,3.084,4.07,0,交易,6.636609336609336,8.785992217898832,520491.5191191787,0.9821505841627001,0.9694216068080197,1.0083669616082336
2019-03-05,000657.SZ,26.926,27.774,26.714,27.774,10777137.0,2.826,27.351,4.24,2.375,3.135,0,交易,8.85933014354067,11.337263157894736,403426.5553642285,0.9847699287103046,0.9618348095340965,0.9847699287103046
2019-03-06,000657.SZ,27.859,28.707,27.647,28.368,14221931.0,2.137,28.188,4.24,3.134,4.137,0,交易,6.857142857142858,8.889278876834718,514411.36470503133,0.9819207858710418,0.963075208137388,0.9936548223350254
2019-03-07,000657.SZ,28.114,30.403,27.859,29.428,22413636.0,3.737,29.379,4.24,4.94,6.519,0,交易,4.514189292836325,5.691093117408907,804538.4256434186,0.9663191132454035,0.9163240469690492,0.9983349191246432
2019-03-08,000657.SZ,28.368,29.174,27.266,27.435,14640199.0,-6.772,28.302,4.24,3.227,4.258,0,交易,6.443165805542508,8.79082739386427,536939.7418029781,0.970110372249263,0.9345993007472406,1.0316019682886823
2019-03-11,000657.SZ,27.562,28.538,27.562,28.453,9213648.0,3.709,28.1,4.24,2.031,2.68,0,交易,10.616791044776118,13.57065484982767,334288.0777882592,0.9846520428901816,0.9657999859836008,0.9875935753699083
2019-03-12,000657.SZ,28.75,29.555,28.411,29.004,14262375.0,1.937,28.96,4.24,3.143,4.148,0,交易,6.992285438765671,9.147311485841554,502001.8654746401,0.9798680426323804,0.9612925054982238,0.9984829678665011
2019-03-13,000657.SZ,28.665,29.428,28.241,28.453,11586804.0,-1.901,28.917,4.24,2.554,3.37,0,交易,8.443026706231453,11.223570869224746,410283.06363089127,0.9826355851569933,0.9596642653255403,1.016307594981197
2019-03-14,000657.SZ,28.156,29.386,27.605,27.944,11125634.0,-1.788,28.405,4.24,2.452,3.236,0,交易,8.635352286773793,11.482871125611744,403029.6685383083,0.9666167562785001,0.9393929081875724,1.0164972802748355
2019-03-15,000657.SZ,27.732,29.259,27.732,29.174,12956074.0,4.401,28.674,4.24,2.855,3.769,0,交易,7.74051472539135,9.713485113835377,467188.5907976345,0.9800061519532451,0.9478109299702655,0.9828614519777884
2019-03-18,000657.SZ,29.598,30.446,29.004,29.555,14684425.0,1.308,29.586,4.24,3.236,4.271,0,交易,6.919925076094591,9.146477132262051,506289.64970348915,0.9717532680811929,0.9526374564803258,1.0010488918964642
2019-03-19,000657.SZ,29.343,31.252,28.962,30.743,21551704.0,4.017,30.208,4.24,4.75,6.269,0,交易,4.903971925346945,6.1774736842105265,744137.2833367861,0.9665941379751696,0.9267246896198643,0.9825976645089939
2019-03-20,000657.SZ,30.531,30.828,29.428,30.149,17395186.0,-1.931,30.122,4.24,3.834,5.06,0,交易,5.958300395256917,7.963223787167449,591110.0312627429,0.9770987414039185,0.9545867393278837,0.99910444790872
2019-03-21,000657.SZ,30.361,30.7,29.895,30.361,12969080.0,0.703,30.294,4.24,2.858,3.772,0,交易,8.049045599151643,10.623163051084674,433821.04030774377,0.9867752442996743,0.9737785016286645,0.997793221567142
2019-03-22,000657.SZ,30.107,30.361,29.64,29.979,9986704.0,-1.257,29.894,4.24,2.201,2.905,0,交易,10.319793459552496,13.67878237164925,336933.3333333333,0.9846184249530647,0.9762524291031257,0.9971646819440274
2019-03-25,000657.SZ,29.259,29.937,29.259,29.343,8229509.0,-2.122,29.593,4.24,1.814,2.394,0,交易,12.25689223057644,16.12954796030871,281264.1922143614,0.9885092026589171,0.9773524401242609,1.0085199195719592
2019-03-26,000657.SZ,29.513,29.683,28.283,28.453,8310974.0,-3.035,28.906,4.24,1.832,2.417,0,交易,11.772031443938769,16.10971615720524,293850.51090761233,0.9738234005996698,0.9528349560354412,1.0159209925139703
2019-03-27,000657.SZ,28.835,28.835,27.732,28.411,5613890.0,-0.149,28.212,4.24,1.237,1.633,0,交易,17.398040416411515,23.310428455941793,202433.65065628156,0.9783943124674874,0.9617478758453268,0.9929956706909295
2019-03-28,000657.SZ,28.283,28.623,27.562,27.605,5345446.0,-2.836,28.105,4.24,1.178,1.555,0,交易,17.752411575562704,24.009337860780988,193942.602133372,0.9819026656884323,0.9629319079062293,1.018112660749864
2019-03-29,000657.SZ,27.859,28.326,26.884,28.326,6411595.0,2.611,27.877,4.24,1.413,1.865,0,交易,15.188203753351207,19.716206652512387,238491.10995387592,0.9841488385229118,0.9490927063475252,0.9841488385229118
2019-04-01,000657.SZ,28.538,29.979,28.411,29.555,11260867.0,4.341,29.293,4.24,2.482,3.275,0,交易,9.02442748091603,11.49798549556809,396355.88328464323,0.9771173154541513,0.94769672103806,0.991135171713754
2019-04-02,000657.SZ,29.683,30.107,29.259,29.852,13305650.0,1.004,29.647,4.24,2.932,3.87,0,交易,7.713695090439276,10.12380627557981,454754.09275778395,0.9847211611917494,0.9718337928056598,0.9931327884228862
2019-04-03,000657.SZ,29.471,29.937,29.428,29.937,9696877.0,0.284,29.735,4.24,2.137,2.821,0,交易,10.612194257355547,13.790828263921385,329511.92741606635,0.993252496910178,0.9829976283528744,0.993252496910178
2019-04-04,000657.SZ,30.149,30.319,29.471,29.767,9384880.0,-0.567,29.869,4.24,2.068,2.73,0,交易,10.903663003663004,14.578820116054159,318444.5726307217,0.9851578218278967,0.9720307398001253,1.0034266133637921
2019-04-08,000657.SZ,30.064,30.785,29.555,30.319,15020069.0,1.852,30.138,4.24,3.31,4.369,0,交易,6.939574273289082,9.082779456193354,508207.37607849773,0.9789832710735749,0.9600454766931947,0.9940301461129986
2019-04-09,000657.SZ,30.149,30.234,29.513,29.81,8445000.0,-1.678,29.75,4.24,1.861,2.456,0,交易,12.137622149837133,16.20042987641053,286145.0886050215,0.9839915327115167,0.976152675795462,0.9979872525997988
2019-04-10,000657.SZ,29.555,29.895,29.047,29.725,6917621.0,-0.284,29.471,4.24,1.525,2.012,0,交易,14.77385685884692,19.38032786885246,238152.68358178125,0.9858170262585717,0.9716340525171434,0.9914550042052144
2019-04-11,000657.SZ,29.683,29.81,28.962,29.047,6858240.0,-2.282,29.352,4.24,1.512,1.995,0,交易,14.559899749373432,19.631613756613756,236801.32587528485,0.9846360281784636,0.9715531700771554,1.0105002237752607
2019-04-12,000657.SZ,29.131,29.64,28.962,29.301,4902395.0,0.876,29.265,4.24,1.08,1.426,0,交易,20.547685834502104,26.973148148148148,169269.90539327395,0.9873481781376519,0.9771255060728745,0.998771372990683
2019-04-15,000657.SZ,29.64,29.937,29.131,29.131,7262181.0,-0.579,29.65,4.24,1.601,2.112,0,交易,13.793087121212121,18.513429106808246,249293.91370018193,0.9904132010555499,0.9730767946019975,1.0178160722254643
2019-04-16,000657.SZ,29.004,30.361,28.411,30.234,14246121.0,3.785,29.718,4.24,3.14,4.144,0,交易,7.295849420849421,9.236942675159236,501429.7631199183,0.9788215144428708,0.9357728665063734,0.9829331216511212
2019-04-17,000657.SZ,30.149,30.403,29.852,30.149,9217722.0,-0.281,30.119,4.24,2.032,2.681,0,交易,11.245430809399478,14.837106299212598,308780.7182098352,0.9906588165641549,0.9818767884748216,0.9990049421208
2019-04-18,000657.SZ,30.064,30.7,30.022,30.319,9368438.0,0.563,30.284,4.24,2.725,2.725,0,交易,11.126238532110092,11.032660550458715,312052.4282193059,0.9864495114006514,0.977915309446254,0.998845608364392
2019-04-19,000657.SZ,30.022,32.184,30.022,31.76,19243342.0,4.755,31.104,4.24,5.597,8.228,0,交易,3.8599902771025767,5.3639449705199205,640974.6852308308,0.9664429530201343,0.9328237633606762,0.979345088161209
2019-04-22,000657.SZ,31.676,31.676,30.107,30.191,12488721.0,-4.94,30.918,4.24,3.633,5.34,0,交易,5.65374531835206,8.718965042664465,414811.2066961172,0.9760702108852128,0.9504672307109484,1.0240800238481667
2019-04-23,000657.SZ,30.276,30.488,29.471,29.937,8319352.0,-0.843,30.04,4.24,2.42,3.557,0,交易,8.416362102895699,12.510743801652893,282289.4370737335,0.9853056940435581,0.9666426134872736,1.0034405585061963
2019-04-24,000657.SZ,29.979,30.107,29.386,29.937,5350792.0,0.0,29.798,4.24,1.556,2.288,0,交易,13.084353146853148,19.266709511568124,182086.4357176887,0.9897366061048926,0.9760520809114159,0.995356916190667
2019-04-25,000657.SZ,29.852,30.022,28.495,28.495,7090895.0,-4.816,29.325,4.24,2.063,3.032,0,交易,9.398087071240106,14.47018904507998,248846.9907001228,0.9767836919592299,0.9491372993138366,1.0291279171784522
2019-04-26,000657.SZ,28.495,28.707,27.986,27.986,4691328.0,-1.786,28.303,4.24,1.365,2.006,0,交易,13.951146560319044,20.875457875457876,167631.24419352534,0.9859267774410423,0.9748841745915631,1.0113270921174873
2019-04-29,000657.SZ,27.986,28.411,26.545,26.842,5832705.0,-4.091,27.173,4.24,1.697,2.494,0,交易,10.7626303127506,16.49145550972304,219728.95083819926,0.9564253282179437,0.9343212136144451,1.012331420907533
2019-04-30,000657.SZ,26.842,27.605,26.842,27.054,2875538.0,0.79,27.16,4.24,0.836,1.23,0,交易,21.99512195121951,32.10765550239235,107128.30638551524,0.9838797319326209,0.9723600796957073,1.003918089746433
2019-05-06,000657.SZ,26.29,26.587,24.637,24.806,4980580.0,-8.307,25.652,4.24,1.449,2.13,0,交易,11.646009389671363,18.143547273982055,202158.54203027967,0.9648324369052544,0.9266558844548087,1.0341046521002983
2019-05-07,000657.SZ,24.806,25.485,24.594,24.976,3327260.0,0.684,24.987,4.24,0.968,1.423,0,交易,17.55165144061841,25.62603305785124,135287.46848824917,0.9804590935844614,0.9650382577987052,1.0004404228058936
2019-05-08,000657.SZ,24.34,25.23,24.213,24.891,2750449.0,-0.34,24.888,4.24,0.8,1.176,0,交易,21.165816326530614,30.424999999999997,113593.8958410771,0.9864447086801428,0.959690844233056,0.9998794745088587
2019-05-09,000657.SZ,24.679,25.527,24.679,24.933,3231102.0,0.17,25.11,4.24,0.94,1.382,0,交易,18.04124457308249,26.254255319148935,130925.15904210058,0.9836643553884122,0.9667802718690014,1.0070990253880399
2019-05-10,000657.SZ,25.188,25.824,24.806,25.654,3617352.0,2.891,25.386,4.24,1.052,1.547,0,交易,16.583063994828702,23.942965779467677,145825.6873337096,0.983039033457249,0.9605793060718711,0.9895532860372651
2019-05-13,000657.SZ,25.442,26.078,25.23,25.909,3293248.0,0.992,25.749,4.24,0.958,1.408,0,交易,18.40127840909091,26.55741127348643,130529.0527150218,0.9873840018406319,0.9674821688779814,0.9938245397352271
2019-05-14,000657.SZ,25.442,26.29,25.442,25.781,3208690.0,-0.491,25.861,4.24,0.933,1.372,0,交易,18.79081632653061,27.269024651661308,126117.83664806226,0.9836820083682009,0.9677443895017117,1.0031030603933129
2019-05-15,000657.SZ,25.781,26.206,25.654,26.078,3584123.0,1.151,25.961,4.24,1.043,1.533,0,交易,17.011089367253753,24.71812080536913,139710.1036875341,0.9906509959551247,0.9789361214988934,0.9955134596211366
2019-05-16,000657.SZ,26.078,27.562,26.078,27.393,7642016.0,5.041,27.084,4.24,2.223,3.268,0,交易,8.38219094247246,11.730994152046785,293044.5586317969,0.9826572817647485,0.9461577534286336,0.9887197459204906
2019-05-17,000657.SZ,27.223,27.393,26.29,26.333,6056102.0,-3.87,26.655,4.24,1.762,2.59,0,交易,10.167181467181468,15.450056753688989,230357.62647394446,0.9730588106450553,0.9597342386741138,1.0122280028861126
2019-05-20,000657.SZ,26.63,27.223,25.145,26.884,5505950.0,2.093,26.127,4.24,1.602,2.354,0,交易,11.42056074766355,16.622971285892632,218967.9856830384,0.9597399257980385,0.9236674870513903,0.9718419877994345
2019-05-21,000657.SZ,26.502,29.047,26.121,28.58,12988118.0,6.309,28.089,4.24,3.778,5.554,0,交易,5.145840835433921,7.014822657490735,497228.9728570882,0.9670189692567218,0.8992667056838916,0.9828201539538138
2019-05-22,000657.SZ,28.071,29.343,27.605,28.792,13155110.0,0.742,28.393,4.24,3.826,5.625,0,交易,5.118577777777778,7.336905384213278,476548.0891142909,0.9676243056265549,0.9407695191357394,0.9861419838844123
2019-05-23,000657.SZ,28.792,29.428,27.562,27.817,7675569.0,-3.387,28.37,4.24,2.233,3.282,0,交易,8.475624619134674,12.893864755933722,278483.7457368841,0.9640478455892347,0.9365910017670246,1.0198799295394902
2019-05-24,000657.SZ,27.393,28.538,26.799,27.054,5520225.0,-2.744,27.432,4.24,1.606,2.36,0,交易,11.463559322033898,17.056662515566625,205986.23082950857,0.9612446562478099,0.9390637045343051,1.0139720558882235
2019-05-27,000657.SZ,27.054,28.114,26.587,28.029,5486002.0,3.605,27.565,4.24,1.596,2.346,0,交易,11.947570332480819,16.95112781954887,206341.52029187197,0.9804723625240094,0.945685423632354,0.9834457169360306
2019-05-28,000657.SZ,27.817,28.368,27.605,27.817,5053523.0,-0.756,27.917,4.24,1.47,2.161,0,交易,12.872281351226285,18.92312925170068,183065.4953812715,0.9841018048505359,0.9731034968979132,1.003594923967358
2019-05-29,000657.SZ,28.411,29.81,28.326,28.919,12522637.0,3.963,29.067,4.24,3.642,5.355,0,交易,5.400373482726423,7.800933552992862,442089.84678387345,0.9750754780275076,0.9502180476350218,1.0051177426605347
2019-05-30,000657.SZ,29.301,31.803,29.174,31.633,39069506.0,9.384,30.972,4.24,11.364,16.706,0,交易,1.8935113133006105,2.578405491024287,1339189.2095701653,0.9738703895858881,0.9173348426249096,0.9791041001485791
2019-05-31,000657.SZ,30.276,33.838,29.767,31.548,39245832.0,-0.268,31.826,4.24,11.415,16.781,0,交易,1.8799833144627853,2.652299605781866,1318434.239258239,0.9405402210532537,0.8796914711271351,1.008811969063015
2019-06-03,000657.SZ,31.379,31.379,29.683,29.852,20861336.0,-5.376,30.453,4.24,6.068,8.92,0,交易,3.3466367713004486,5.171226104152934,702804.1639995957,0.9704898180311673,0.9459511138022244,1.0201326544285139
2019-06-04,000657.SZ,30.276,30.488,28.241,28.58,13420174.0,-4.261,29.216,4.24,3.903,5.738,0,交易,4.98082955733705,7.757109915449654,475201.7988031585,0.9582786670165312,0.9262988716872212,1.0222533240027993
2019-06-05,000657.SZ,29.386,29.683,28.241,28.623,12368156.0,0.148,28.881,4.24,3.597,5.289,0,交易,5.411798071469088,8.169585765916041,437950.3558655855,0.9729811676717313,0.9514200047165043,1.0090137302169584
2019-06-06,000657.SZ,28.623,29.216,28.071,28.241,9638614.0,-1.333,28.623,4.24,2.804,4.121,0,交易,6.852948313516136,10.207917261055636,343365.5373873392,0.9797029025191676,0.9608091456736035,1.0135264331999576
2019-06-10,000657.SZ,28.411,31.082,28.368,31.082,30207762.0,10.06,30.468,4.24,8.786,12.917,0,交易,2.4062862893860806,3.2336671978147056,1064853.4263959392,0.9802458014284795,0.9126825815584582,0.9802458014284795
2019-06-11,000657.SZ,31.167,33.923,30.997,33.881,53017378.0,9.004,32.812,4.24,15.421,22.67,0,交易,1.4945302161446845,2.0210751572530965,1710403.5229215731,0.9672493588420834,0.9137458361583586,0.9684483929045777
2019-06-12,000657.SZ,34.177,36.382,32.566,33.117,62752112.0,-2.253,34.668,4.24,18.253,26.833,0,交易,1.2341892445868892,1.8724045362406179,1926921.083338451,0.952888791160464,0.8951129679511848,1.0468339523507564
2019-06-13,000657.SZ,33.245,33.711,32.015,32.439,32392474.0,-2.049,32.671,4.24,9.422,13.851,0,交易,2.3419969677279617,3.528444067077053,1011790.535686397,0.969149535759841,0.9496900121622023,1.0071518850766052
2019-06-14,000657.SZ,32.227,35.11,31.591,34.686,47654180.0,6.928,33.559,4.24,13.861,20.377,0,交易,1.7022132796780685,2.325012625351706,1508473.299357412,0.9558245514098547,0.899772144688123,0.9675085048722827
2019-06-17,000657.SZ,33.669,36.213,33.414,33.499,41967301.0,-3.423,34.794,4.24,12.207,17.945,0,交易,1.866759543048203,2.7581715409191445,1255979.559466092,0.9608151768701846,0.9227073150526054,1.0386578703841904
2019-06-18,000657.SZ,32.439,33.245,31.464,32.481,29367174.0,-3.038,32.38,4.24,8.542,12.557,0,交易,2.5866847176873455,3.797588386794662,933357.9328756675,0.9739810497819222,0.9464280342908709,0.9968904898248206
2019-06-19,000657.SZ,32.99,33.753,31.803,31.803,26733137.0,-2.089,32.693,4.24,7.776,11.431,0,交易,2.7821712886011727,4.2425411522633745,840585.3850265698,0.9685953841140046,0.9422273575682162,1.0279847813099392
2019-06-20,000657.SZ,32.057,32.863,30.743,32.227,28566575.0,1.333,31.723,4.24,8.309,12.215,0,交易,2.638313548915268,3.858105668552173,929205.8354747422,0.9653105316008885,0.9354897605209506,0.9843609395848203
2019-06-21,000657.SZ,31.591,32.524,31.464,31.76,21250563.0,-1.447,31.955,4.24,6.181,9.087,0,交易,3.4951028942445252,5.110985277463194,675392.9252479024,0.9825052269093592,0.9674086828188414,1.0061397984886649
2019-06-24,000657.SZ,31.803,32.227,31.379,31.718,13248459.0,-0.134,31.699,4.24,3.854,5.665,0,交易,5.598940864960283,8.2519460300986,422207.81414321676,0.9836162224221927,0.9736866602538246,0.9994009710574437
2019-06-25,000657.SZ,31.591,31.633,29.979,30.446,17200134.0,-4.011,30.546,4.24,5.003,7.355,0,交易,4.13949694085656,6.314411353188087,573739.4175923147,0.9656371510764076,0.9477128315366864,1.003284503711489
2019-06-26,000657.SZ,30.319,30.743,30.022,30.361,8248864.0,-0.279,30.352,4.24,2.399,3.527,0,交易,8.608165579812871,12.638182576073364,274760.64219572314,0.9872816576131153,0.976547506749504,0.9997035670761832
2019-06-27,000657.SZ,30.361,30.488,30.149,30.276,7525124.0,-0.279,30.283,4.24,2.189,3.218,0,交易,9.408328154133002,13.8698035632709,249597.79760522736,0.9932760430333246,0.9888808711624246,1.0002312062359626
2019-06-28,000657.SZ,30.107,30.107,29.089,29.683,14606383.0,-1.961,29.521,4.24,3.219,4.249,0,交易,6.985879030360085,9.352904628766698,502127.36773350753,0.9805360879529678,0.966187265420002,0.9945423306269582
2019-07-01,000657.SZ,29.555,29.64,28.453,29.513,13464465.0,-0.571,29.144,4.24,2.967,3.916,0,交易,7.536516853932585,9.96124031007752,473217.76262608514,0.9832658569500674,0.9599527665317139,0.9874970352048249
2019-07-02,000657.SZ,29.174,29.81,29.174,29.598,9006082.0,0.287,29.48,4.24,1.985,2.62,0,交易,11.296946564885495,14.697229219143576,308702.33769795025,0.988929889298893,0.9786648775578665,0.9960132441381175
2019-07-03,000657.SZ,29.64,29.81,28.623,29.004,7946752.0,-2.006,29.026,4.24,1.027,2.311,0,交易,12.550411077455648,28.86075949367089,277635.188484785,0.97370010063737,0.9601811472660182,1.0007585160667494
2019-07-04,000657.SZ,28.962,29.004,28.283,28.411,7575417.0,-2.047,28.549,4.24,0.979,2.203,0,交易,12.896504766227872,29.583248212461697,267843.4748789025,0.9843125086195007,0.9751413598124397,1.0048572735912147
2019-07-05,000657.SZ,28.538,28.623,28.114,28.495,4227267.0,0.299,28.374,4.24,0.546,1.23,0,交易,23.166666666666668,52.26739926739926,150361.6347727111,0.9913007022324704,0.9822170981378612,0.9957536409896472
2019-07-08,000657.SZ,28.495,28.495,27.223,27.393,7489400.0,-3.869,27.555,4.24,0.968,2.178,0,交易,12.577134986225897,29.43698347107438,275112.95595636044,0.9670117564484997,0.9553605895771187,1.0059139196145
2019-07-09,000657.SZ,27.35,27.69,27.054,27.69,4015060.0,1.084,27.441,4.24,0.519,1.168,0,交易,23.70719178082192,52.69749518304432,148409.10771050493,0.9910075839653304,0.9770314192849403,0.9910075839653304
2019-07-10,000657.SZ,27.605,27.69,27.011,27.096,4573773.0,-2.144,27.346,4.24,0.591,1.33,0,交易,20.372932330827066,46.708967851099835,169330.013698123,0.9875767425063199,0.9754785120982303,1.0092264540891644
2019-07-11,000657.SZ,27.435,27.859,27.308,27.562,5734400.0,1.721,27.574,4.24,0.741,1.668,0,交易,16.523980815347723,37.02429149797571,209989.74659440457,0.9897699127750458,0.9802218313650884,1.000435382047747
2019-07-12,000657.SZ,27.605,27.732,27.223,27.647,3503780.0,0.308,27.523,4.24,0.453,1.019,0,交易,27.131501472031406,60.93818984547461,128706.60838261765,0.9924635799798067,0.981645752199625,0.9955148840742215
2019-07-15,000657.SZ,27.647,28.453,27.52,28.241,5824061.0,2.147,28.126,4.24,0.753,1.694,0,交易,16.67119244391972,36.71580345285524,211630.12354651163,0.9885073630197168,0.9672090816434119,0.9959279062356149
2019-07-16,000657.SZ,28.283,28.495,28.071,28.368,3510254.0,0.45,28.244,4.24,0.454,1.021,0,交易,27.784524975514202,62.297356828193834,125049.12543194043,0.991191437094227,0.9851201965257063,0.9956288776085731
2019-07-17,000657.SZ,28.241,28.495,28.198,28.241,3246260.0,-0.448,28.318,4.24,0.42,0.944,0,交易,29.916313559322035,67.24047619047619,115123.76764309526,0.9937883839270047,0.9895771187927707,1.0027265323465884
2019-07-18,000657.SZ,28.241,28.75,28.198,28.198,5458800.0,-0.15,28.446,4.24,0.706,1.588,0,交易,17.756926952141058,40.0014164305949,193588.19774452088,0.9894260869565218,0.9808,1.0087949499964537
2019-07-19,000657.SZ,28.156,28.877,28.156,28.495,5940334.0,1.053,28.542,4.24,0.768,1.728,0,交易,16.490162037037038,36.66145833333333,210979.32945020602,0.9883990719257542,0.9750320324133394,1.001649412177575
2019-07-22,000657.SZ,28.326,28.453,26.375,26.545,7226361.0,-6.845,27.023,4.24,0.934,2.102,0,交易,12.628449096098954,30.327623126338327,273985.2511848341,0.9497416792605349,0.9269672793730012,1.018007157656809
2019-07-23,000657.SZ,26.757,27.054,26.545,26.969,3161360.0,1.597,26.859,4.24,0.409,0.92,0,交易,29.31413043478261,65.42053789731052,119094.36805424749,0.9927921933909959,0.9811857765949583,0.9959212429085246
2019-07-24,000657.SZ,26.926,27.435,26.926,27.266,3780519.0,1.101,27.312,4.24,0.489,1.1,0,交易,24.787272727272725,55.06339468302658,140404.03327638714,0.9955166757791144,0.9814470566794241,1.0016870828137607
2019-07-25,000657.SZ,27.393,27.478,27.096,27.223,2905722.0,-0.156,27.242,4.24,0.376,0.845,0,交易,32.216568047337276,72.85372340425532,107238.04251550045,0.9914113108668753,0.9860979692845184,1.0006979392425523
2019-07-26,000657.SZ,27.308,27.308,26.926,27.096,2800281.0,-0.467,27.072,4.24,0.362,0.815,0,交易,33.24662576687117,75.4364640883978,103999.14580702667,0.9913578438552805,0.9860114252233777,0.9991142604074402
2019-07-29,000657.SZ,27.223,27.308,26.63,26.926,2875100.0,-0.626,26.834,4.24,0.372,0.836,0,交易,32.208133971291865,73.18010752688171,107964.70146451371,0.9826424490991651,0.9751721107367805,0.9965832281066628
2019-07-30,000657.SZ,26.969,27.308,26.884,27.011,3633820.0,0.315,27.11,4.24,0.47,1.057,0,交易,25.554399243140967,57.380851063829795,135166.64186876954,0.9927493774718031,0.9844734143840633,1.0036651734478546
2019-07-31,000657.SZ,26.799,26.799,26.036,26.248,5487860.0,-2.826,26.32,4.24,0.709,1.596,0,交易,16.44611528822055,37.79830747531735,210779.68966047012,0.982126198738759,0.9715287883876265,1.0027430661383725
2019-08-01,000657.SZ,26.121,26.63,25.951,26.375,2798280.0,0.485,26.364,4.24,0.362,0.814,0,交易,32.4017199017199,72.15745856353591,107829.37073715849,0.9900112654900489,0.9745024408561773,0.9995829383886257
2019-08-02,000657.SZ,26.502,27.817,26.502,27.52,10087651.0,4.341,27.18,4.24,1.304,2.934,0,交易,9.379686434901158,20.32361963190184,380637.34812466986,0.977100334327929,0.9527267498292411,0.9876453488372093
2019-08-05,000657.SZ,27.35,27.52,26.799,26.969,7336915.0,-2.003,27.075,4.24,0.949,2.134,0,交易,12.637769447047798,28.819810326659645,273775.7005858428,0.9838299418604651,0.9738008720930232,1.0039304386517853
2019-08-06,000657.SZ,26.714,28.326,26.078,27.266,11944361.0,1.101,27.241,4.24,1.544,3.474,0,交易,7.848589522164651,17.30181347150259,458024.4267198405,0.9616959683682835,0.9206382828496787,0.9990831071664344
2019-08-07,000657.SZ,27.35,29.301,27.138,28.962,18781384.0,6.221,28.364,4.24,2.428,5.463,0,交易,5.301482701812191,11.264415156507415,692069.5703441668,0.9680215692297192,0.9261799938568651,0.9793522546785444
2019-08-08,000657.SZ,28.707,28.707,27.859,28.198,11768051.0,-2.635,28.185,4.24,1.521,3.423,0,交易,8.237803096698801,18.873767258382646,422414.695430561,0.9818162817431287,0.9704601665099105,0.9995389743953471
2019-08-09,000657.SZ,28.283,28.623,27.52,27.732,7931952.0,-1.654,28.066,4.24,1.025,2.307,0,交易,12.020806241872561,27.59317073170732,288225.0,0.9805401250742409,0.9614645564755615,1.0120438482619356
2019-08-12,000657.SZ,27.859,27.986,26.757,27.35,5890111.0,-1.376,27.147,4.24,0.761,1.713,0,交易,15.966141272621133,36.6084099868594,220133.46040288522,0.9700207246480382,0.9560851854498679,0.9925776965265081
2019-08-13,000657.SZ,27.096,28.198,27.011,28.114,7634361.0,2.791,27.862,4.24,0.987,2.221,0,交易,12.658262044124267,27.45288753799392,282638.96190440934,0.9880842612951273,0.9579048159443931,0.9910364942733157
2019-08-14,000657.SZ,27.605,28.071,27.478,28.071,5651492.0,-0.151,27.764,4.24,0.731,1.644,0,交易,17.074817518248178,37.76333789329686,205673.33867093673,0.989063446261266,0.9788749955470059,0.989063446261266
2019-08-15,000657.SZ,27.35,27.817,27.181,27.605,4946667.0,-1.662,27.533,4.24,0.64,1.439,0,交易,19.183460736622653,42.734375,181989.88263860784,0.9897904159327031,0.9771362835676026,0.9973917768520196
2019-08-16,000657.SZ,27.69,29.259,27.69,28.75,15327782.0,4.147,28.722,4.24,1.982,4.458,0,交易,6.449080305069538,13.970736629667003,553549.3680028891,0.98164667281862,0.9463754742130627,0.9990260869565217
2019-08-19,000657.SZ,28.623,29.428,28.411,29.343,12041081.0,2.065,29.162,4.24,1.557,3.502,0,交易,8.378926327812678,18.383429672447015,423817.57065925165,0.9909609895337773,0.9654410765257578,0.9938315782299014
2019-08-20,000657.SZ,29.047,30.022,29.047,29.513,10697143.0,0.578,29.65,4.24,1.383,3.111,0,交易,9.486660237865639,21.00289226319595,368270.1483802114,0.9876090866697755,0.9675238158683632,1.004642022159726
2019-08-21,000657.SZ,29.386,29.555,28.623,28.919,6382550.0,-2.011,29.077,4.24,0.825,1.856,0,交易,15.581357758620689,35.61939393939394,222986.75890018514,0.9838267636609711,0.9684655726611403,1.0054635360835438
2019-08-22,000657.SZ,29.216,29.598,28.623,29.513,6332215.0,2.053,29.08,4.24,0.819,1.842,0,交易,16.022258414766558,35.672771672771674,221228.20808440764,0.9824988174876681,0.9670585850395298,0.9853284993053907
2019-08-23,000657.SZ,29.301,29.81,28.962,29.301,7371760.0,-0.718,29.346,4.24,0.953,2.144,0,交易,13.66651119402985,30.746065057712485,254532.14557005733,0.9844347534384436,0.9715531700771554,1.0015357837616463
2019-08-26,000657.SZ,28.962,29.598,28.835,28.919,4719577.0,-1.302,29.115,4.24,0.61,1.373,0,交易,21.062636562272395,47.47868852459016,163675.29044563897,0.9836813298195823,0.974221231164268,1.0067775510909782
2019-08-27,000657.SZ,28.962,29.174,28.707,29.047,5378795.0,0.44,28.945,4.24,0.695,1.565,0,交易,18.56038338658147,41.67194244604317,187368.76023269584,0.9921505450058271,0.9839925961472544,0.9964884497538472
2019-08-28,000657.SZ,29.089,29.089,28.411,28.538,4288111.0,-1.752,28.602,4.24,0.554,1.247,0,交易,22.88532477947073,52.50722021660649,150931.36461229806,0.9832582763243839,0.9766922204269656,1.0022426238699278
2019-08-29,000657.SZ,28.623,28.623,27.986,28.071,4616106.0,-1.634,28.162,4.24,0.597,1.343,0,交易,20.901712583767686,47.94472361809046,164943.40027156434,0.9838940712014812,0.9777451699682074,1.0032417797727191
2019-08-30,000657.SZ,28.114,28.241,27.647,28.114,3870155.0,0.151,27.982,4.24,0.5,1.126,0,交易,24.96802841918295,56.228,139984.6276268673,0.9908289366523848,0.978966750469176,0.9953048303336416
2019-09-02,000657.SZ,28.283,28.623,28.114,28.623,4584224.0,1.81,28.365,4.24,0.593,1.333,0,交易,21.472618154538637,47.694772344013494,163058.4050650921,0.9909862697830415,0.9822170981378612,0.9909862697830415
2019-09-03,000657.SZ,28.665,28.835,28.283,28.411,4901371.0,-0.741,28.561,4.24,0.634,1.426,0,交易,19.923562412342218,45.21293375394322,173297.42247993493,0.99049765909485,0.9808565978845154,1.005279645207842
2019-09-04,000657.SZ,28.495,29.555,28.368,29.343,9283371.0,3.284,29.068,4.24,1.2,2.7,0,交易,10.867777777777777,23.745833333333334,327247.99069373944,0.9835222466587719,0.9598375909321604,0.9906280884708449
2019-09-05,000657.SZ,29.301,29.895,29.047,29.259,9564651.0,-0.289,29.441,4.24,1.237,2.782,0,交易,10.51725377426312,23.687146321746155,329281.8879746618,0.9848135139655461,0.9716340525171434,1.0062203082812127
2019-09-06,000657.SZ,29.259,29.64,29.047,29.64,7281120.0,1.304,29.443,4.24,0.941,2.118,0,交易,13.994334277620398,31.093517534537728,250666.85027713704,0.9933535762483131,0.9799932523616735,0.9933535762483131
2019-09-09,000657.SZ,29.81,30.488,29.471,30.488,11336322.0,2.861,30.039,4.24,1.466,3.297,0,交易,9.247194419168942,20.334242837653477,384660.2422720641,0.9852728942534769,0.9666426134872736,0.9852728942534769
2019-09-10,000657.SZ,30.488,32.566,30.488,31.082,15793454.0,1.947,31.388,4.24,2.042,4.594,0,交易,6.765781454070527,14.930460333006858,518021.9758593545,0.9638273045507585,0.9361911195725603,1.0098449263239173
2019-09-11,000657.SZ,31.379,32.524,31.379,32.227,17228279.0,3.683,32.09,4.24,2.227,5.011,0,交易,6.431251247256036,14.090255949708128,549038.497084037,0.9866560078711106,0.9647952281392203,0.9957489061966676
2019-09-12,000657.SZ,32.821,33.414,31.464,32.1,12871471.0,-0.395,32.199,4.24,1.664,3.744,0,交易,8.573717948717949,19.724158653846153,409085.6534452072,0.96363799604956,0.9416412282276889,1.0030841121495326
2019-09-16,000657.SZ,32.736,33.075,32.015,32.312,7993416.0,0.661,32.416,4.24,1.033,2.325,0,交易,13.897634408602148,31.690222652468538,249677.21380602842,0.9800755857898713,0.9679516250944822,1.0032186184699183
2019-09-17,000657.SZ,32.439,33.329,31.464,32.566,19991774.0,0.787,32.502,4.24,2.585,5.815,0,交易,5.600343938091144,12.548936170212766,635385.6470887364,0.9751867742806566,0.944042725554322,0.9980347601793281
2019-09-18,000657.SZ,32.481,32.736,31.124,31.591,15503081.0,-2.995,31.826,4.24,2.004,4.509,0,交易,7.006209802616988,16.20808383233533,498106.95925973525,0.9722018572825025,0.9507575757575758,1.0074388275141655
2019-09-19,000657.SZ,31.379,32.184,31.082,31.803,8559121.0,0.671,31.563,4.24,1.107,2.49,0,交易,12.772289156626504,28.345980126467932,275372.2733414838,0.9807046979865772,0.9657593835446185,0.992453542118668
2019-09-20,000657.SZ,31.76,32.057,30.743,30.955,9018721.0,-2.667,31.165,4.24,1.166,2.623,0,交易,11.801372474266106,27.23842195540309,293358.52063884464,0.972174564057772,0.9590105125245655,1.0067840413503473
2019-09-23,000657.SZ,30.997,31.506,30.531,30.955,10158781.0,0.0,30.898,4.24,1.313,2.955,0,交易,10.475465313028764,23.60776846915461,332736.5955913662,0.9807020884910811,0.969053513616454,0.9981586173477629
2019-09-24,000657.SZ,31.336,31.591,30.828,31.548,6655161.0,1.918,31.195,4.24,0.86,1.936,0,交易,16.295454545454547,36.43720930232558,215880.40093421566,0.9874647842740021,0.9758475515178373,0.9888107011537974
2019-09-25,000657.SZ,31.167,31.591,30.234,30.87,10964258.0,-2.151,30.84,4.24,1.417,3.189,0,交易,9.680150517403575,21.995059985885675,362646.6230072104,0.9762274065398373,0.9570447279288405,0.9990281827016521
2019-09-26,000657.SZ,30.531,30.912,28.792,28.792,9224675.0,-6.731,29.818,4.24,1.193,2.683,0,交易,10.73127096533731,25.591785414920366,320390.2125590442,0.9646092132505176,0.9314182194616978,1.0356348985829398
2019-09-27,000657.SZ,29.471,31.548,28.877,30.87,14463985.999999998,7.216,30.674,4.24,1.87,4.207,0,交易,7.337770382695508,15.759893048128342,500882.57090417977,0.9722961835932548,0.9153353619880816,0.9936507936507936
2019-09-30,000657.SZ,31.167,31.421,30.403,30.955,7710497.0,0.275,30.936,4.24,0.997,2.243,0,交易,13.800713330361123,31.260782347041125,253609.7424596257,0.9845644632570574,0.9676012857642977,0.9993862057825876
2019-10-08,000657.SZ,31.294,31.379,29.725,30.149,8291809.0,-2.603,30.33,4.24,1.072,2.412,0,交易,12.499585406301826,29.192164179104477,278950.68124474346,0.9665699990439465,0.9472895885783486,1.006003515871173
2019-10-09,000657.SZ,30.319,30.658,29.81,30.616,3966494.9999999995,1.547,30.362,4.24,0.513,1.154,0,交易,26.530329289428078,59.10136452241715,133059.2083193559,0.9903450975275621,0.9723400091330158,0.9917036843480532
2019-10-10,000657.SZ,30.658,30.743,29.979,30.149,5557195.0,-1.524,30.26,4.24,0.718,1.616,0,交易,18.656559405940595,42.6991643454039,185369.59204776678,0.9842891064632601,0.9751488143642455,1.0036817141530399
2019-10-11,000657.SZ,30.446,30.446,29.81,30.276,4392131.0,0.422,30.124,4.24,0.568,1.278,0,交易,23.69014084507042,53.60211267605634,147337.50419322375,0.9894238980490047,0.9791105563949286,0.9949795217333861
2019-10-14,000657.SZ,30.446,30.616,30.064,30.319,7754541.0,0.14,30.297,4.24,1.002,2.256,0,交易,13.439273049645392,30.385229540918164,257934.43986162852,0.9895806114449961,0.9819702116540371,0.999274382400475
2019-10-15,000657.SZ,30.573,31.421,30.064,30.403,10837001.0,0.28,30.846,4.24,1.401,3.152,0,交易,9.645621827411167,21.822269807280513,360464.3759978712,0.9817001368511505,0.9568123229687152,1.0145709305002797
2019-10-16,000657.SZ,30.191,30.319,29.259,29.513,7886581.0,-2.929,29.682,4.24,1.02,2.294,0,交易,12.865300784655624,29.599019607843136,269543.7643118357,0.9789900722319338,0.9650384247501567,1.0057262901094433
2019-10-17,000657.SZ,29.513,29.598,28.962,29.047,4273468.0,-1.58,29.159,4.24,0.552,1.243,0,交易,23.368463395012068,53.46557971014493,147554.312547476,0.9851679167511318,0.9785120616257855,1.0038558198781284
2019-10-18,000657.SZ,29.131,29.386,28.029,28.453,4087430.0000000005,-2.044,28.627,4.24,0.528,1.189,0,交易,23.93019343986543,55.172348484848484,145828.60608655322,0.9741713741237323,0.953821547675764,1.0061153481179488
2019-10-21,000657.SZ,28.538,28.538,27.647,27.817,4318592.0,-2.235,27.972,4.24,0.558,1.256,0,交易,22.147292993630572,51.143369175627235,156204.72383983797,0.9801667951503259,0.9687784708108487,1.005572132149405
2019-10-22,000657.SZ,28.241,28.241,27.69,28.071,4223393.0,0.915,27.899,4.24,0.546,1.228,0,交易,22.85912052117264,51.72344322344322,152524.12423257492,0.9878899472398287,0.9804893594419462,0.9938726799900253
2019-10-23,000657.SZ,27.944,28.156,27.562,27.986,3614453.0,-0.302,27.847,4.24,0.467,1.051,0,交易,26.627973358705997,59.83725910064239,131138.9957187432,0.9890254297485439,0.9789032533030261,0.9950332309011649
2019-10-24,000657.SZ,27.817,28.283,27.562,27.902,3184269.0,-0.303,27.877,4.24,0.412,0.926,0,交易,30.131749460043196,67.51699029126215,115531.1298164139,0.9856450871548279,0.9745076547749532,0.999104006881227
2019-10-25,000657.SZ,27.944,28.156,27.859,28.071,3403504.0,0.608,28.02,4.24,0.44,0.99,0,交易,28.354545454545455,63.50909090909091,122168.92207186187,0.9951697684330161,0.9894516266515131,0.9981831783691354
2019-10-28,000657.SZ,28.241,28.919,28.071,28.665,5524300.0,2.115,28.526,4.24,0.714,1.607,0,交易,17.83758556316117,39.55322128851541,196797.40657618182,0.9864103184757426,0.9706767177288288,0.9951508808651666
2019-10-29,000657.SZ,29.047,29.047,28.495,28.835,4117028.0,0.592,28.657,4.24,0.532,1.198,0,交易,24.069282136894827,54.599624060150376,144482.47060887874,0.9865734843529452,0.9809963163149379,0.993826946419282
2019-10-30,000657.SZ,28.453,28.962,27.817,27.986,5445460.0,-2.941,28.227,4.24,0.704,1.584,0,交易,17.667929292929294,40.41619318181818,195760.14667289786,0.9746219183758028,0.960465437469788,1.0086114485814335
2019-10-31,000657.SZ,28.283,28.283,27.562,27.647,3565440.0,-1.212,27.933,4.24,0.461,1.037,0,交易,26.66055930568949,61.35140997830803,129360.7140265583,0.9876250751334723,0.9745076547749532,1.01034470286107
2019-11-01,000657.SZ,27.774,28.241,27.308,28.241,3689457.0,2.147,27.875,4.24,0.477,1.073,0,交易,26.319664492078285,58.22641509433963,135105.35374249305,0.987040118975957,0.9669629262419887,0.987040118975957
2019-11-04,000657.SZ,28.198,28.368,27.944,27.986,3436460.0,-0.901,28.117,4.24,0.444,1.0,0,交易,27.986,63.509009009009006,122976.6676209562,0.9911520022560633,0.985053581500282,1.0046809118845137
2019-11-05,000657.SZ,27.69,28.114,27.562,27.859,3967928.0,-0.455,27.855,4.24,0.513,1.154,0,交易,24.141247833622188,53.9766081871345,143963.71816268776,0.9907875080031301,0.9803656541225012,0.9998564198284217
2019-11-06,000657.SZ,27.859,28.156,27.732,27.817,2587326.0,-0.152,27.94,4.24,0.334,0.753,0,交易,36.941567065073045,83.41017964071857,93297.490263955,0.992328455746555,0.984941042761756,1.0044217564798505
2019-11-07,000657.SZ,27.647,28.029,27.52,27.69,3180141.0,-0.457,27.713,4.24,0.411,0.925,0,交易,29.935135135135134,67.2676399026764,115557.44912790698,0.9887259623960898,0.981840236897499,1.0008306247742866
2019-11-08,000657.SZ,27.859,27.902,27.605,27.69,2553400.0,0.0,27.687,4.24,0.33,0.743,0,交易,37.2678331090175,84.42121212121212,92497.73591740626,0.9922944591785535,0.9893556017489785,0.9998916576381365
2019-11-11,000657.SZ,27.732,27.774,27.138,27.266,2715546.0,-1.531,27.429,4.24,0.351,0.79,0,交易,34.51392405063291,79.00854700854701,100064.33782887463,0.9875783106502484,0.9771008857204581,1.0059781412748479
2019-11-12,000657.SZ,27.393,27.393,26.502,26.757,2539640.0,-1.866,26.762,4.24,0.328,0.739,0,交易,36.207036535859274,83.51524390243902,95828.23937816014,0.9769649180447559,0.9674734421202497,1.0001868669880778
2019-11-13,000657.SZ,26.757,26.799,26.333,26.375,1600880.0,-1.426,26.529,4.24,0.207,0.466,0,交易,56.598712446351925,129.2608695652174,60793.68093267004,0.9899249972013882,0.9826112914660995,1.0058388625592416
2019-11-14,000657.SZ,26.46,26.587,26.078,26.333,2138820.0,-0.161,26.305,4.24,0.277,0.622,0,交易,42.33601286173633,95.52346570397111,82016.258915561,0.9893933125211569,0.9808553052243577,0.9989366954012077
2019-11-15,000657.SZ,26.418,26.799,26.078,26.46,2334361.0,0.483,26.457,4.24,0.302,0.679,0,交易,38.96907216494845,87.47682119205298,89514.57166960656,0.987238329788425,0.9730960110451883,0.9998866213151928
2019-11-18,000657.SZ,26.502,26.502,26.163,26.418,1471670.0,-0.16,26.323,4.24,0.19,0.428,0,交易,61.72429906542056,139.4842105263158,56250.04777739556,0.993245792770357,0.9872085125650895,0.9964039669922024
2019-11-19,000657.SZ,26.375,26.799,26.248,26.799,2299470.0,1.445,26.574,4.24,0.297,0.669,0,交易,40.058295964125556,88.80471380471381,87605.5318500457,0.9916041643344902,0.9794395313257958,0.9916041643344902
2019-11-20,000657.SZ,26.63,27.181,26.545,27.011,2452244.0,0.791,26.886,4.24,0.317,0.713,0,交易,37.8835904628331,84.00630914826498,92380.63665473723,0.9891468305066038,0.9766013023803393,0.9953722557476583
2019-11-21,000657.SZ,26.884,27.054,26.545,26.587,1705880.0,-1.57,26.728,4.24,0.221,0.496,0,交易,53.60282258064516,121.6470588235294,64263.7031456018,0.9879500258741777,0.9811857765949583,1.0053033437394217
2019-11-22,000657.SZ,26.63,26.884,26.375,26.587,2052123.0,0.0,26.65,4.24,0.265,0.597,0,交易,44.53433835845896,100.49056603773585,77805.61137440758,0.9912959381044487,0.9810668055348907,1.002369579117614
2019-11-25,000657.SZ,26.587,27.096,26.502,27.054,2560867.0,1.754,26.927,4.24,0.331,0.745,0,交易,36.314093959731544,80.32326283987915,96629.19779639273,0.9937629170357248,0.9780779450841453,0.9953056849264434
2019-11-26,000657.SZ,27.096,27.266,26.714,26.757,2227863.0,-1.097,26.911,4.24,0.288,0.648,0,交易,41.291666666666664,94.08333333333334,83396.83312120986,0.9869801217633684,0.9797550062348713,1.005755503232799
2019-11-27,000657.SZ,26.757,27.096,26.757,26.926,1879416.9999999998,0.634,26.941,4.24,0.243,0.547,0,交易,49.224862888482626,110.11111111111111,70240.1988264753,0.994279598464718,0.987488928255093,1.0005570823739136
2019-11-28,000657.SZ,27.054,27.223,26.587,26.587,1600783.0,-1.26,26.812,4.24,0.207,0.466,0,交易,57.053648068669524,130.69565217391303,60209.237597322,0.9849024721742645,0.9766374021966719,1.0084627825629067
2019-11-29,000657.SZ,26.757,26.757,26.418,26.545,1474682.0,-0.159,26.535,4.24,0.191,0.429,0,交易,61.876456876456885,140.0890052356021,55821.10682110682,0.9917031057293418,0.9873304182083192,0.9996232812205688
2019-12-02,000657.SZ,26.587,26.842,26.46,26.63,1184679.0,0.319,26.651,4.24,0.153,0.345,0,交易,77.18840579710145,173.77124183006535,44772.448979591834,0.9928842858207287,0.9857685716414575,1.0007885843034172
2019-12-03,000657.SZ,26.587,26.587,26.036,26.545,2514660.0,-0.318,26.373,4.24,0.325,0.731,0,交易,36.313269493844054,81.80615384615385,96583.96066984175,0.9919509534735022,0.9792755858126152,0.9935204369937841
2019-12-04,000657.SZ,26.333,27.138,26.248,27.011,3704130.0000000005,1.757,26.81,4.24,0.479,1.077,0,交易,25.079851439182917,54.97494780793319,141120.46632124353,0.9879136266489792,0.9672046576755841,0.9925585872422347
2019-12-05,000657.SZ,27.011,27.223,26.799,27.181,3023061.0,0.628,27.003,4.24,0.391,0.879,0,交易,30.922639362912403,69.08184143222506,112804.99272360909,0.9919185982441319,0.9844249347977813,0.9934513078988999
2019-12-06,000657.SZ,27.181,27.562,27.096,27.35,2644270.0,0.624,27.345,4.24,0.342,0.769,0,交易,35.56566970091028,79.4766081871345,97588.94301741954,0.9921268413032435,0.9830926638124954,0.99981718464351
2019-12-09,000657.SZ,27.69,27.69,27.181,27.393,2397830.0,0.155,27.33,4.24,0.31,0.697,0,交易,39.3012912482066,89.3225806451613,88217.13697067804,0.9869989165763813,0.9816179126038281,0.9977001423721388
2019-12-10,000657.SZ,27.35,27.732,27.096,27.647,2872791.0,0.929,27.49,4.24,0.371,0.836,0,交易,33.07057416267943,73.71967654986523,106022.69707705935,0.9912736189239867,0.9770662051060147,0.9943212645133287
2019-12-11,000657.SZ,27.774,27.774,27.308,27.562,1966114.0,-0.307,27.454,4.24,0.254,0.572,0,交易,48.185314685314694,109.34645669291339,71997.72960304673,0.9884784330668971,0.9832217181536689,0.9960815615702779
2019-12-12,000657.SZ,27.562,27.562,27.138,27.138,1870920.0,-1.538,27.233,4.24,0.242,0.544,0,交易,49.8860294117647,113.89256198347108,68940.96838381604,0.9880632755242725,0.9846165009796096,1.003500626427887
2019-12-13,000657.SZ,27.181,27.393,27.138,27.35,1701598.0,0.781,27.272,4.24,0.22,0.495,0,交易,55.25252525252525,123.55,62701.67293094553,0.9955828131274412,0.9906910524586574,0.9971480804387568
2019-12-16,000657.SZ,27.393,27.732,27.308,27.69,3199169.0,1.24,27.544,4.24,0.414,0.931,0,交易,29.742212674543502,66.16666666666667,117151.34759044969,0.9932208279244195,0.9847108034040098,0.9947273383893102
2019-12-17,000657.SZ,27.69,28.156,27.605,28.071,4166447.0,1.378,28.004,4.24,0.539,1.212,0,交易,23.16089108910891,51.372912801484226,150930.88208657852,0.9946015058957239,0.9804304588719989,0.9976131951123935
2019-12-18,000657.SZ,28.156,28.241,27.986,28.156,3124549.0,0.302,28.115,4.24,0.404,0.909,0,交易,30.97469746974697,69.69306930693068,111646.85914385764,0.9955384016146737,0.9909705746963635,0.9985438272481887
2019-12-19,000657.SZ,28.071,28.198,28.029,28.156,2277291.0,0.0,28.103,4.24,0.294,0.662,0,交易,42.53172205438066,95.4795918367347,81247.67205394413,0.9966309667352294,0.9940066671395135,0.9981176303452196
2019-12-20,000657.SZ,28.156,28.368,27.944,28.071,4740543.0,-0.301,28.201,4.24,0.613,1.379,0,交易,20.35605511240029,45.93148450244698,169644.3959347266,0.9941130851663847,0.985053581500282,1.0046311139610273
2019-12-23,000657.SZ,28.071,28.156,27.393,27.817,4754667.0,-0.906,27.731,4.24,0.615,1.383,0,交易,20.11352133044107,45.643902439024394,173572.33599824773,0.9849055263531753,0.9729009802528769,0.9969083653880721
2019-12-24,000657.SZ,27.817,28.919,27.69,28.877,8540393.0,3.811,28.48,4.24,1.104,2.484,0,交易,11.625201288244766,25.196557971014492,308428.78295413504,0.9848196687299008,0.9575019883121824,0.9862520344911175
2019-12-25,000657.SZ,28.877,28.877,28.241,28.368,6081853.0,-1.762,28.436,4.24,0.786,1.769,0,交易,16.036178631995476,36.73918575063613,215355.44067136434,0.9847283305052464,0.977975551476954,1.0023970671178795
2019-12-26,000657.SZ,28.326,28.707,28.198,28.495,4187040.0,0.448,28.426,4.24,0.541,1.218,0,交易,23.394909688013136,52.35859519408503,148487.12674657776,0.9902114466854773,0.9822691329640854,0.9975785225478153
2019-12-27,000657.SZ,28.411,29.598,28.411,28.665,10553056.0,0.595,29.054,4.24,1.364,3.07,0,交易,9.3371335504886,20.829178885630498,371442.61025659076,0.9816203797553888,0.9598959389147916,1.0135705564276993
2019-12-30,000657.SZ,28.75,29.131,28.495,28.962,5848820.0,1.036,28.809,4.24,0.756,1.701,0,交易,17.026455026455025,38.02910052910053,205257.76452009124,0.9889464831279393,0.9781675877930727,0.9947172156619019
2019-12-31,000657.SZ,29.089,29.089,28.707,29.047,4487621.0,0.293,28.917,4.24,0.58,1.305,0,交易,22.258237547892723,50.15344827586207,156324.97300310028,0.994087111966723,0.9868678882051636,0.9955244947843152
2020-01-02,000657.SZ,29.428,29.683,28.962,29.216,9066844.0,0.584,29.243,4.24,1.172,2.637,0,交易,11.079256731133865,25.109215017064848,313060.0096678406,0.9851767004682814,0.9757100023582522,1.0009241511500546
2020-01-03,000657.SZ,29.131,29.471,29.004,29.216,5182883.0,0.0,29.178,4.24,0.67,1.508,0,交易,19.374005305039788,43.47910447761194,178695.4557992001,0.9900580231413932,0.9841539140171695,0.9986993428258488
2020-01-06,000657.SZ,29.131,29.852,29.089,29.767,10620396.0,1.887,29.57,4.24,1.373,3.089,0,交易,9.636451926189705,21.21704297159505,365100.07219223765,0.9905533967573362,0.9744405734959131,0.9933819330130682
2020-01-07,000657.SZ,29.767,30.234,29.471,29.683,7315752.0,-0.285,29.799,4.24,0.946,2.128,0,交易,13.948778195488721,31.4661733615222,248235.6214583828,0.9856122246477474,0.9747635112786928,1.003907960785635
2020-01-08,000657.SZ,29.64,29.895,29.216,29.471,6999060.000000001,-0.714,29.543,4.24,0.905,2.036,0,交易,14.474950884086445,32.751381215469614,239562.56845564078,0.9882254557618331,0.9772871717678542,1.0024430796376098
2020-01-09,000657.SZ,29.386,29.979,29.386,29.513,5662794.0,0.144,29.65,4.24,0.732,1.647,0,交易,17.919247115968428,40.1448087431694,192703.8045327707,0.9890256512892358,0.9802194869742152,1.004642022159726
2020-01-10,000657.SZ,29.555,29.64,28.835,29.174,5328354.0,-1.149,29.232,4.24,0.689,1.55,0,交易,18.821935483870966,42.89550072568941,184787.72325299116,0.9862348178137651,0.9728407557354926,1.0019880715705765
2020-01-13,000657.SZ,29.174,29.343,28.835,29.259,3713576.0,0.291,29.171,4.24,0.48,1.08,0,交易,27.091666666666665,60.77916666666667,128787.09901161781,0.994138295334492,0.9826875234297788,0.9969923784134795
2020-01-14,000657.SZ,29.386,29.852,29.131,29.428,5100888.0,0.58,29.593,4.24,0.659,1.484,0,交易,19.830188679245285,44.59180576631259,175101.71295183824,0.9913238643976953,0.975847514404395,1.0056069049884464
2020-01-15,000657.SZ,29.471,29.471,28.623,29.174,4412587.0,-0.865,28.955,4.24,0.57,1.283,0,交易,22.73889321901793,51.703508771929826,154162.28208084407,0.9824912625971293,0.9712259509348173,0.9924933159662713
2020-01-16,000657.SZ,29.004,29.343,28.665,29.259,4565200.0,0.291,29.018,4.24,0.59,1.328,0,交易,22.03237951807229,49.15932203389831,159260.42211756497,0.988924104556453,0.9768939781208466,0.9917632181550976
2020-01-17,000657.SZ,29.174,29.259,28.835,29.174,4523448.0,-0.29,29.002,4.24,0.585,1.316,0,交易,22.168693009118538,49.87008547008547,156873.52176174786,0.9912163778666393,0.9855087323558563,0.9941043394803593
2020-01-20,000657.SZ,28.962,29.386,28.665,29.259,4856586.0,0.291,29.13,4.24,0.628,1.413,0,交易,20.70700636942675,46.117834394904456,169425.64102564103,0.9912883686109032,0.9754645069080514,0.9955911001743053
2020-01-21,000657.SZ,29.259,29.598,29.004,29.174,4244125.0,-0.29,29.265,4.24,0.549,1.234,0,交易,23.641815235008103,53.295081967213115,146328.954626948,0.9887492398135009,0.9799310764240828,1.0031192157400426
2020-01-22,000657.SZ,29.004,29.343,28.623,29.131,4552200.0,-0.145,29.001,4.24,0.589,1.324,0,交易,22.00226586102719,49.24278438030561,159039.93292107744,0.9883447500255598,0.9754626316327574,0.9955374000205967
2020-01-23,000657.SZ,29.004,29.259,28.411,28.877,7285825.999999999,-0.873,28.757,4.24,0.942,2.119,0,交易,13.62765455403492,30.789808917197455,256443.84217380587,0.9828428859496223,0.9710174647117127,0.9958444436748971
2020-02-03,000657.SZ,25.993,25.993,25.993,25.993,1427500.0,-9.985,25.993,4.24,0.185,0.415,0,交易,62.63373493975904,140.5027027027027,54918.63193936829,1.0,1.0,1.0
2020-02-04,000657.SZ,23.746,25.442,23.746,24.891,7500411.0,-4.241,24.864,4.24,0.97,2.182,0,交易,11.407424381301558,24.48041237113402,315859.9764170808,0.9772816602468359,0.933338574011477,0.9989152705797277
2020-02-05,000657.SZ,24.849,25.4,24.594,25.103,8224960.000000001,0.852,25.097,4.24,1.063,2.392,0,交易,10.494565217391305,23.37629350893697,334429.5356591039,0.9880708661417323,0.9682677165354332,0.9997609847428595
2020-02-06,000657.SZ,25.018,25.273,24.637,25.061,10052304.0,-0.169,24.92,4.24,1.3,2.924,0,交易,8.57079343365253,19.244615384615386,408016.56045784795,0.9860325248288688,0.9748348039409647,0.9943737281034277
2020-02-07,000657.SZ,24.849,25.145,24.764,25.103,6427544.0,0.169,24.95,4.24,0.831,1.87,0,交易,13.424064171122994,29.902527075812277,259551.930221289,0.9922449791210977,0.98484788228276,0.9939051109429151
2020-02-10,000657.SZ,25.018,26.29,24.891,26.036,7781731.0,3.716,25.694,4.24,1.006,2.263,0,交易,11.505081749889529,24.868787276341948,312632.3169016914,0.9773297831875237,0.9467858501331304,0.9868643416807497
2020-02-11,000657.SZ,25.824,26.248,25.739,25.866,5279384.0,-0.651,25.938,4.24,0.683,1.536,0,交易,16.83984375,37.80966325036603,205112.24212284858,0.9881895763486741,0.9806080463273392,1.0027835768963118
2020-02-12,000657.SZ,25.951,26.545,25.781,26.46,8091363.0,2.295,26.246,4.24,1.046,2.354,0,交易,11.240441801189464,24.809751434034418,313849.8506652186,0.9887361084950084,0.9712186852514597,0.991912320483749
2020-02-13,000657.SZ,26.29,27.138,26.078,26.46,9400099.0,0.0,26.514,4.24,1.215,2.734,0,交易,9.678127286027799,21.637860082304524,360460.8865710561,0.9770064116736679,0.9609403788046281,1.0020408163265306
2020-02-14,000657.SZ,26.418,27.054,26.206,26.502,8278808.0,0.16,26.65,4.24,1.07,2.408,0,交易,11.005813953488373,24.689719626168223,315912.6917499809,0.9850669032305759,0.9686552820285356,1.0055844841898725
2020-02-17,000657.SZ,26.587,27.266,26.545,27.138,9954052.0,2.4,26.993,4.24,1.287,2.895,0,交易,9.374093264248705,20.65811965811966,374987.8319834244,0.9899875302574636,0.9735568106799678,0.994656938610067
2020-02-18,000657.SZ,27.138,28.326,27.011,27.902,15068322.0,2.812,27.695,4.24,1.948,4.383,0,交易,6.365959388546658,13.931211498973306,557858.7242234645,0.9777236461201723,0.9535762197274589,0.9925811769765608
2020-02-19,000657.SZ,28.241,28.283,27.223,27.435,8893990.0,-1.672,27.526,4.24,1.15,2.587,0,交易,10.604947816003092,24.557391304347828,326708.665466701,0.9732348053601103,0.9625216561185164,1.0033169309276473
2020-02-20,000657.SZ,27.478,27.732,26.926,27.69,10770207.0,0.927,27.365,4.24,1.392,3.133,0,交易,8.838174273858922,19.739942528735636,399992.832206789,0.9867661906822444,0.9709361026972451,0.988262910798122
2020-02-21,000657.SZ,27.562,27.817,27.393,27.52,9034214.0,-0.613,27.617,4.24,1.168,2.628,0,交易,10.471841704718416,23.597602739726028,329800.0949147592,0.9928101520652839,0.9847575223784018,1.0035247093023256
2020-02-24,000657.SZ,27.732,28.156,27.308,28.029,10566185.0,1.849,27.843,4.24,1.366,3.073,0,交易,9.121054344288968,20.30161054172767,386926.3585762414,0.9888833641142208,0.9698820855235118,0.9933640158407364
2020-02-25,000657.SZ,27.647,27.69,26.29,27.605,10377622.0,-1.513,27.249,4.24,1.342,3.019,0,交易,9.143756210665783,20.601341281669146,394736.47774819325,0.9840736728060671,0.9494402311303719,0.9871037855460967
2020-02-26,000657.SZ,27.393,29.174,26.714,27.562,13141585.0,-0.154,27.93,4.24,1.699,3.822,0,交易,7.211407639979068,16.123013537374927,491936.25065508723,0.9573592925207377,0.9156783437307191,1.013351716130905
2020-02-27,000657.SZ,27.859,28.368,27.478,27.732,6966177.0,0.615,27.799,4.24,0.901,2.026,0,交易,13.688055281342548,30.920088790233077,253518.3419462843,0.9799421883812747,0.9686266215454034,1.002415981537574
2020-02-28,000657.SZ,27.35,27.562,26.248,26.375,8687501.0,-4.893,26.853,4.24,1.123,2.527,0,交易,10.437277404036406,24.35440783615316,330977.6363913441,0.9742761773456208,0.9523256657717146,1.0181232227488153
2020-03-02,000657.SZ,26.46,27.054,26.333,26.969,5202048.0,2.251,26.775,4.24,0.673,1.513,0,交易,17.82485128883014,39.31649331352154,197548.62719781263,0.9896872920825016,0.9733495971020921,0.9928065556750342
2020-03-03,000657.SZ,27.096,27.435,26.545,26.714,9013801.0,-0.943,27.006,4.24,1.165,2.622,0,交易,10.18840579710145,23.258369098712446,339566.8110755321,0.9843630399125206,0.9675596865318026,1.010930598188216
2020-03-04,000657.SZ,26.672,26.714,26.163,26.587,8384984.0,-0.476,26.459,4.24,1.084,2.439,0,交易,10.900779007790078,24.605166051660515,320490.1578565149,0.9904544433630307,0.9793741109530584,0.9951856170308797
2020-03-05,000657.SZ,26.757,27.266,26.502,27.223,11662480.0,2.392,26.899,4.24,1.508,3.392,0,交易,8.02564858490566,17.743368700265254,440060.3728020527,0.9865400132032569,0.9719797550062349,0.9880982992322669
2020-03-06,000657.SZ,26.926,27.266,26.799,27.138,5929586.0,-0.312,27.094,4.24,0.767,1.725,0,交易,15.732173913043479,35.105606258148626,221261.46498003657,0.9936917773050687,0.9828724418689944,0.9983786572333997
2020-03-09,000657.SZ,26.884,27.223,26.206,26.587,9226751.0,-2.031,26.685,4.24,1.193,2.684,0,交易,9.905737704918032,22.534786253143334,352085.43844921014,0.9802372993424677,0.962641883701282,1.0036860119607327
2020-03-10,000657.SZ,26.714,26.714,25.654,26.502,7414234.0,-0.319,26.261,4.24,0.959,2.157,0,交易,12.286509040333796,27.856100104275285,289008.88750292355,0.9830425993860897,0.9603204312345587,0.9909063466908158
2020-03-11,000657.SZ,26.502,27.774,26.375,27.266,16153393.0,2.88,27.232,4.24,2.088,4.698,0,交易,5.803746275010642,12.692528735632182,612450.9194312796,0.980485346007057,0.9496291495643407,0.9987530257463508
2020-03-12,000657.SZ,26.799,27.054,26.078,26.248,11374119.0,-3.733,26.46,4.24,1.47,3.308,0,交易,7.934703748488514,18.23061224489796,436157.64245724364,0.9780439121756488,0.9639240038441635,1.0080768058518743
2020-03-13,000657.SZ,24.509,25.951,24.509,25.697,6343326.0,-2.1,25.348,4.24,0.82,1.845,0,交易,13.927913279132792,29.889024390243904,258816.18997103104,0.9767639011984124,0.944433740510963,0.9864186480912168
2020-03-16,000657.SZ,25.866,26.121,24.594,24.721,5418960.0,-3.795,25.399,4.24,0.701,1.576,0,交易,15.685913705583756,36.89871611982882,220336.66747987314,0.972359404310708,0.9415412886183532,1.0274260749969661
2020-03-17,000657.SZ,24.679,25.145,22.474,24.001,5071936.0,-2.916,23.984,4.24,0.656,1.475,0,交易,16.27186440677966,37.62042682926829,225680.16374477174,0.9538277987671506,0.8937760986279578,0.9992916961793259
2020-03-18,000657.SZ,24.17,24.425,23.322,23.364,4383400.0,-2.65,23.832,4.24,0.567,1.275,0,交易,18.324705882352944,42.627865961199305,187951.2906268759,0.9757215967246674,0.9548413510747185,1.0200308166409862
2020-03-19,000657.SZ,23.068,23.364,22.474,23.068,3806862.0000000005,-1.27,22.858,4.24,0.492,1.107,0,交易,20.838301716350497,46.88617886178862,169389.6057666637,0.9783427495291902,0.9619072076699196,0.9908964799722559
2020-03-20,000657.SZ,23.237,23.789,23.152,23.704,4378765.0,2.757,23.425,4.24,0.566,1.274,0,交易,18.60596546310832,41.054770318021205,189131.17657221836,0.9846988103745429,0.97322291815545,0.9882298346270671
2020-03-23,000657.SZ,23.195,23.322,22.559,22.601,3946587.0000000005,-4.651,22.882,4.24,0.51,1.148,0,交易,19.687282229965156,45.48039215686274,174945.12168092557,0.9811336935082755,0.9672841094245778,1.0124330781823814
2020-03-24,000657.SZ,23.195,24.17,22.94,23.237,3699141.0000000005,2.814,23.141,4.24,0.478,1.076,0,交易,21.595724907063193,48.52510460251046,161252.87707061903,0.9574265618535373,0.9491104675217211,0.995868657744115
2020-03-25,000657.SZ,23.873,23.916,23.407,23.619,3369651.9999999995,1.642,23.612,4.24,0.436,0.98,0,交易,24.101020408163265,54.75458715596331,143959.1575169821,0.9872888442883424,0.9787171767854156,0.9997036284347347
2020-03-26,000657.SZ,23.534,23.916,23.322,23.661,4343502.0,0.18,23.667,4.24,0.562,1.263,0,交易,18.733966745843233,41.87544483985764,186240.5454077695,0.9895885599598596,0.9751630707476167,1.00025358184354
2020-03-27,000657.SZ,23.789,23.873,23.322,23.364,4110082.0,-1.254,23.561,4.24,0.531,1.195,0,交易,19.551464435146443,44.80037664783428,176231.9698139096,0.9869308423742302,0.9769195325262848,1.008431775380928
2020-03-30,000657.SZ,23.364,23.364,22.601,22.728,2642618.0,-2.722,22.763,4.24,0.342,0.769,0,交易,29.555266579973992,68.3157894736842,116924.82633511792,0.974276664954631,0.9673429207327512,1.001539950721577
2020-03-31,000657.SZ,22.856,23.195,22.601,22.983,4126035.0,1.119,22.93,4.24,0.533,1.2,0,交易,19.1525,42.88180112570357,182559.8424848458,0.9885751239491269,0.9743910325501185,0.9976939477004743
2020-04-01,000657.SZ,22.856,23.11,22.771,22.856,2640268.0,-0.554,22.913,4.24,0.341,0.768,0,交易,29.760416666666668,67.02639296187684,115948.70668833164,0.9914755517092169,0.9853310255300736,1.0024938746937346
2020-04-02,000657.SZ,22.686,23.11,22.559,23.11,2729761.0,1.113,22.833,4.24,0.353,0.794,0,交易,29.10579345088161,64.26628895184136,121005.40804113657,0.9880138468195586,0.9761575075724795,0.9880138468195586
2020-04-03,000657.SZ,23.025,23.195,22.898,23.068,3408325.0,-0.183,23.018,4.24,0.441,0.991,0,交易,23.27749747729566,52.21088435374149,148848.1526770897,0.9923690450528131,0.9871955162750593,0.9978324952314894
2020-04-07,000657.SZ,23.237,23.746,23.237,23.704,5277207.0,2.757,23.538,4.24,0.682,1.535,0,交易,15.442345276872965,34.07184750733137,227103.62783491847,0.9912406300008423,0.9785648109155226,0.9929969625379682
2020-04-08,000657.SZ,23.619,24.17,23.364,24.085,5138783.0,1.61,23.853,4.24,0.664,1.495,0,交易,16.110367892976587,35.57078313253012,219944.4872453347,0.986884567645842,0.966652875465453,0.9903674486194727
2020-04-09,000657.SZ,24.128,24.213,23.746,24.085,3084167.0,0.0,24.016,4.24,0.399,0.897,0,交易,26.850613154960982,60.471177944862156,129881.53794323256,0.9918638747780117,0.9807128402098045,0.9971351463566535
2020-04-10,000657.SZ,24.17,24.213,23.661,23.746,3187881.0,-1.408,23.923,4.24,0.412,0.927,0,交易,25.615965480043148,58.66504854368933,134731.45682769112,0.9880229628711847,0.977202329327221,1.007453886970437
2020-04-13,000657.SZ,23.746,23.916,23.364,23.746,2700640.0,0.0,23.657,4.24,0.349,0.786,0,交易,30.211195928753177,68.04011461318052,115589.79626776237,0.9891704298377655,0.9769192172604114,0.9962520003368989
2020-04-14,000657.SZ,23.746,24.213,23.746,24.043,3299471.0,1.25,23.949,4.24,0.427,0.96,0,交易,25.04479166666667,55.61124121779859,138948.4965888992,0.9890967661999752,0.9807128402098045,0.9960903381441585
2020-04-15,000657.SZ,24.043,24.637,23.746,23.916,5265680.0,-0.529,24.116,4.24,0.681,1.532,0,交易,15.610966057441253,35.305433186490454,221750.18950560095,0.9788529447578844,0.96383488249381,1.00836260244188
2020-04-16,000657.SZ,23.831,24.001,23.152,23.619,4660860.0,-1.241,23.529,4.24,0.603,1.356,0,交易,17.418141592920353,39.52072968490879,201315.65307532824,0.9803341527436357,0.9646264738969209,0.9961895084465896
2020-04-17,000657.SZ,23.619,23.873,23.407,23.534,4232951.0,-0.359,23.669,4.24,0.547,1.231,0,交易,19.117790414297318,43.179159049360145,180841.24407228606,0.9914547815523813,0.9804800402127927,1.005736381405626
2020-04-20,000657.SZ,23.661,23.746,23.322,23.576,2764630.0,0.18,23.521,4.24,0.357,0.804,0,交易,29.323383084577113,66.27731092436976,118541.7202641283,0.9905247199528342,0.982144361155563,0.9976671191041737
2020-04-21,000657.SZ,23.492,23.916,23.237,23.661,3564093.0,0.36,23.546,4.24,0.461,1.037,0,交易,22.816779170684672,50.9587852494577,153380.08348754144,0.9845291854825221,0.9716089647098176,0.9951396813321499
2020-04-22,000657.SZ,23.534,24.213,23.449,24.17,5984065.0,2.151,23.902,4.24,0.774,1.741,0,交易,13.882825962090752,30.40568475452196,255194.89104012962,0.9871556601825465,0.9684467021847768,0.9889118742242449
2020-04-23,000657.SZ,24.213,25.145,23.789,25.018,10523912.0,3.509,24.634,4.24,1.361,3.061,0,交易,8.173146030708919,17.79059515062454,442385.6404220438,0.9796778683634918,0.9460727778882483,0.9846510512431049
2020-04-24,000657.SZ,24.679,24.933,23.958,24.297,7481739.999999999,-2.881,24.302,4.24,0.967,2.176,0,交易,11.165900735294118,25.521199586349535,312285.66658318724,0.9746921750290779,0.9608951991336782,1.0002057867226406
2020-04-27,000657.SZ,24.34,24.425,23.789,23.831,3237484.0,-1.92,24.078,4.24,0.419,0.942,0,交易,25.298301486199577,58.09069212410501,136091.6389928118,0.9857932446264073,0.9739611054247698,1.0103646510847215
2020-04-28,000657.SZ,24.001,24.085,22.686,23.237,4347832.0,-2.491,23.258,4.24,0.562,1.265,0,交易,18.36916996047431,42.706405693950174,191652.64921096712,0.9656632758978617,0.9419140543906995,1.000903731118475
2020-04-29,000657.SZ,23.28,23.492,23.11,23.237,2163810.0,0.0,23.271,4.24,0.28,0.629,0,交易,36.94276629570747,83.14285714285714,93630.8957161402,0.9905925421420058,0.983739145240933,1.001463183715626
2020-04-30,000657.SZ,23.492,24.213,23.407,24.001,4295149.0,3.285,23.775,4.24,0.555,1.249,0,交易,19.21617293835068,42.327927927927924,183498.48335967874,0.9819105439226861,0.9667120968075,0.9905837256780966
2020-05-06,000657.SZ,23.746,24.764,23.619,24.552,6279606.0,2.297,24.411,4.24,0.812,1.827,0,交易,13.438423645320198,29.243842364532018,265870.9513527245,0.985745436924568,0.9537635277015022,0.9942570869990226
2020-05-07,000657.SZ,24.552,24.679,24.255,24.297,4208013.0,-1.036,24.49,4.24,0.544,1.224,0,交易,19.850490196078432,45.132352941176464,173490.5380333952,0.9923416670043357,0.9828194011102557,1.007943367493929
2020-05-08,000657.SZ,24.425,24.764,24.17,24.679,4742504.0,1.571,24.607,4.24,0.613,1.379,0,交易,17.89630166787527,39.84502446982056,196214.4807612743,0.9936601518333064,0.9760135680827008,0.9970825398111756
2020-05-11,000657.SZ,24.806,24.933,24.213,24.467,4060960.0,-0.859,24.525,4.24,0.525,1.181,0,交易,20.71718882303133,47.24952380952381,167718.16792632057,0.9836361448682468,0.971122608591024,1.0023705399109004
2020-05-12,000657.SZ,24.552,24.552,24.128,24.425,2924295.0,-0.173,24.317,4.24,0.378,0.851,0,交易,28.701527614571095,64.95238095238095,121199.22911140583,0.9904284783317041,0.9827305311176279,0.9955783009211873
2020-05-13,000657.SZ,24.467,24.679,24.297,24.509,3622819.9999999995,0.347,24.484,4.24,0.468,1.054,0,交易,23.253320683111955,52.27991452991452,149105.6509034037,0.9920985453219338,0.98452125288707,0.9989799665429027
2020-05-14,000657.SZ,24.594,24.976,24.34,24.509,3836512.9999999995,0.0,24.643,4.24,0.496,1.116,0,交易,21.961469534050178,49.58467741935484,157621.73377156942,0.986667200512492,0.9745355541319667,1.005467379330042
2020-05-15,000657.SZ,24.509,24.637,24.382,24.467,2530165.0,-0.173,24.484,4.24,0.327,0.736,0,交易,33.24320652173913,74.95107033639144,103771.83988188006,0.993789828307018,0.9896497138450299,1.0006948134221605
2020-05-18,000657.SZ,24.509,25.273,24.382,25.018,7489592.0,2.253,24.961,4.24,0.968,2.178,0,交易,11.486685032139578,25.319214876033058,307177.09785907634,0.9876548094804732,0.9647449847663515,0.9977216404188983
2020-05-19,000657.SZ,25.145,25.697,24.933,25.612,8766976.0,2.373,25.3,4.24,1.133,2.55,0,交易,10.043921568627452,22.193292144748455,351621.3853126379,0.9845507257656536,0.9702689029847842,0.9878182102139623
2020-05-20,000657.SZ,25.485,25.866,25.23,25.442,7298342.0,-0.662,25.597,4.24,0.944,2.123,0,交易,11.983984926990107,26.996822033898304,289272.3741577487,0.9896002474290575,0.9754117374159128,1.0060922883421115
2020-05-21,000657.SZ,25.485,26.375,25.4,25.781,8655513.0,1.333,25.931,4.24,1.119,2.518,0,交易,10.23868149324861,22.77479892761394,340768.2283464567,0.9831658767772512,0.9630331753554502,1.0058182382374619
2020-05-22,000657.SZ,25.781,26.672,25.357,26.46,11841598.0,2.632,26.133,4.24,1.531,3.444,0,交易,7.682926829268293,16.839320705421294,466995.22814213036,0.9797915416916616,0.9506973605278943,0.987641723356009
2020-05-25,000657.SZ,26.418,26.63,25.569,25.654,8743551.0,-3.045,26.096,4.24,1.13,2.543,0,交易,10.088084939048368,23.378761061946904,341959.0519770034,0.9799474277131056,0.9601577168606834,1.0172292819833164
2020-05-26,000657.SZ,25.909,26.163,25.527,26.121,5122293.0,1.818,25.875,4.24,0.662,1.49,0,交易,17.530872483221476,39.137462235649544,200661.76989070396,0.9889920880632955,0.9756908611397775,0.9905822901114046
2020-05-27,000657.SZ,26.078,26.375,25.781,26.248,5550955.0,0.487,26.038,4.24,0.718,1.615,0,交易,16.25263157894737,36.32033426183844,215311.85756952796,0.9872227488151659,0.977478672985782,0.9919993904297469
2020-05-28,000657.SZ,26.29,26.502,25.866,26.333,7019097.0,0.323,26.228,4.24,0.907,2.042,0,交易,12.895690499510284,28.985667034178608,271363.8366968221,0.9896611576484795,0.9760018111840616,0.9960126077545287
2020-05-29,000657.SZ,26.248,26.714,25.993,26.714,6598058.0,1.449,26.458,4.24,0.853,1.919,0,交易,13.920792079207919,30.771395076201642,253839.80302389106,0.9904170098075915,0.9730104065284121,0.9904170098075915
2020-06-01,000657.SZ,26.757,26.799,26.248,26.757,7346439.999999999,0.159,26.582,4.24,0.95,2.137,0,交易,12.520823584464203,28.16526315789474,279885.70557756774,0.9919026829359305,0.9794395313257958,0.993459655417274
2020-06-02,000657.SZ,28.411,28.411,26.842,27.054,18102561.0,1.109,27.491,4.24,2.34,5.265,0,交易,5.138461538461539,12.141452991452994,674411.7800461963,0.9676181760585688,0.9447749111259722,1.0161528794263326
2020-06-03,000657.SZ,26.714,26.714,26.333,26.333,9544850.0,-2.665,26.516,4.24,1.234,2.776,0,交易,9.485951008645534,21.648298217179903,362467.2464208408,0.992588156023059,0.9857378153777046,1.006949455056393
2020-06-04,000657.SZ,26.333,26.63,25.993,26.206,5121677.0,-0.483,26.208,4.24,0.662,1.49,0,交易,17.58791946308725,39.77794561933534,197040.62632247145,0.9841532106646639,0.9760796094630116,1.0000763184003663
2020-06-05,000657.SZ,26.29,26.29,25.697,25.866,4176880.0000000005,-1.294,25.959,4.24,0.54,1.215,0,交易,21.288888888888888,48.68518518518518,162543.48756664206,0.9874096614682389,0.9774438950171168,1.0035954534910694
2020-06-08,000657.SZ,25.909,27.478,25.909,27.096,11104616.0,4.754,26.82,4.24,1.436,3.23,0,交易,8.388854489164087,18.042479108635096,428600.7178972558,0.9760535701288303,0.9428997743649464,0.9898139946855624
2020-06-09,000657.SZ,27.138,27.774,27.138,27.308,9554968.0,0.782,27.459,4.24,1.235,2.779,0,交易,9.826556315221303,21.97408906882591,352088.14208858425,0.9886584575502267,0.9771008857204581,1.0055295151603925
2020-06-10,000657.SZ,27.35,27.732,26.842,27.054,4896458.0,-0.932,27.212,4.24,0.633,1.424,0,交易,18.998595505617978,43.206951026856245,182417.77810893377,0.9812490985143517,0.9679071109187941,1.0058401715088343
2020-06-11,000657.SZ,26.969,27.435,26.799,26.926,4755000.0,-0.47,27.071,4.24,0.615,1.383,0,交易,19.46926970354302,43.8520325203252,177431.99373110937,0.9867322762894114,0.9768179332968836,1.005385129614499
2020-06-12,000657.SZ,26.375,26.672,26.29,26.502,4459522.0,-1.575,26.464,4.24,0.577,1.297,0,交易,20.43330763299923,45.7105719237435,169628.07151007987,0.9922015596880623,0.9856778644271145,0.9985661459512489
2020-06-15,000657.SZ,26.502,26.502,25.739,25.739,5906060.0,-2.88,25.976,4.24,0.764,1.718,0,交易,14.981955762514552,34.688481675392666,229459.5749640623,0.980152441325183,0.9712097200211306,1.0092078169315046
2020-06-16,000657.SZ,26.036,26.121,25.697,25.993,4099319.9999999995,0.988,25.888,4.24,0.53,1.192,0,交易,21.806208053691275,49.12452830188679,159525.23640891933,0.9910799739673061,0.9837678496229088,0.9959604508906246
2020-06-17,000657.SZ,25.993,26.206,25.781,25.824,4261760.0,-0.653,25.914,4.24,0.551,1.24,0,交易,20.825806451612905,47.174228675136106,165306.23327256506,0.9888575135465162,0.9837823399221552,1.0034851301115242
2020-06-18,000657.SZ,25.781,26.036,25.697,25.993,3411840.0,0.657,25.887,4.24,0.441,0.992,0,交易,26.202620967741936,58.460317460317455,132771.91890103903,0.9942771547088646,0.9869795667537256,0.9959219789943448
2020-06-19,000657.SZ,26.036,26.163,25.781,25.993,2416360.0,0.0,25.963,4.24,0.312,0.703,0,交易,36.97439544807966,83.44871794871796,93726.38764981963,0.9923556167106219,0.9853992279172877,0.9988458431116071
2020-06-22,000657.SZ,25.909,26.206,25.866,25.909,2180540.0,-0.326,25.959,4.24,0.282,0.634,0,交易,40.86593059936909,91.8758865248227,84301.3995206062,0.9905746775547585,0.9870258719377242,1.0019298313327416
2020-06-23,000657.SZ,25.866,25.993,25.357,25.442,5921924.0,-1.8,25.612,4.24,0.766,1.722,0,交易,14.774680603948896,33.76762402088773,233541.98051820011,0.9853422075174085,0.9755318739660678,1.0066818646332836
2020-06-24,000657.SZ,25.4,25.866,25.018,25.485,5780320.0,0.167,25.323,4.24,0.747,1.681,0,交易,15.160618679357524,34.00267737617135,231046.44655847788,0.9790071909069822,0.9672156498878838,0.9936433195997646
2020-06-29,000657.SZ,25.4,25.485,25.018,25.061,3104502.0,-1.664,25.204,4.24,0.401,0.903,0,交易,27.753045404208194,63.34164588528677,124090.73467103684,0.9889739062193448,0.9816754953894449,1.005706077171701
2020-06-30,000657.SZ,25.061,25.442,25.018,25.273,4151316.0000000005,0.846,25.265,4.24,0.537,1.69,0,交易,14.954437869822485,46.66852886405959,165933.16811895437,0.9930429997641695,0.9833346435028693,0.9996834566533455
2020-07-01,000657.SZ,25.357,25.654,25.273,25.569,4126401.9999999995,1.174,25.459,4.24,0.533,1.68,0,交易,15.219642857142857,47.574108818011254,163273.13734024452,0.992398846183831,0.9851485148514851,0.9956979154444836
2020-07-02,000657.SZ,25.569,26.502,25.442,26.248,7220338.0,2.653,25.97,4.24,0.933,2.94,0,交易,8.927891156462586,27.40514469453376,283796.0066032545,0.9799260433174855,0.9600030186401027,0.9894087168546174
2020-07-03,000657.SZ,26.248,26.842,26.248,26.714,10170583.0,1.777,26.596,4.24,1.315,4.142,0,交易,6.449541284403669,19.96045627376426,387480.30326120084,0.9908352581774831,0.977870501452947,0.9955828404581868
2020-07-06,000657.SZ,26.884,28.241,26.757,28.029,14187746.0,4.921,27.627,4.24,1.834,5.777,0,交易,4.85182620737407,14.65866957470011,530244.2725268154,0.9782585602492829,0.9474522856839348,0.9856577116557851
2020-07-07,000657.SZ,28.453,29.131,27.647,27.647,15847350.0,-1.362,28.24,4.24,2.049,6.453,0,交易,4.2843638617697195,13.886285993167398,573203.2408579593,0.9694140262950122,0.9490577048505029,1.0214489818063444
2020-07-08,000657.SZ,27.732,30.022,27.435,29.64,23851767.0,7.209,29.095,4.24,3.084,9.713,0,交易,3.051580356223618,8.992217898832685,869391.9081465282,0.9691226433948438,0.913829858104057,0.9816126855600539
2020-07-09,000657.SZ,29.259,30.531,29.004,30.149,23367901.0,1.717,29.668,4.24,3.021,9.516,0,交易,3.168242959226566,9.685203574975175,805678.5615777133,0.9717336477678425,0.9499852608823819,0.984045905336827
2020-07-10,000657.SZ,30.107,30.276,29.301,29.555,15016482.0,-1.969,29.686,4.24,1.941,6.115,0,交易,4.833197056418642,15.511076764554353,512490.4269478858,0.980512617254591,0.9677962742766547,1.004432414143123
2020-07-13,000657.SZ,29.343,30.743,29.301,30.403,18332823.0,2.869,30.097,4.24,2.37,7.465,0,交易,4.0727394507702614,12.381012658227847,625672.2637452647,0.9789870864912339,0.9530950134990079,0.9899352037627867
2020-07-14,000657.SZ,30.276,30.828,29.343,29.937,15457573.000000002,-1.534,30.066,4.24,1.998,6.295,0,交易,4.755679110405084,15.153153153153154,526789.1149507549,0.9752822109770338,0.9518295056442195,1.004309049002906
2020-07-15,000657.SZ,29.937,30.446,28.919,29.216,13546734.0,-2.408,29.443,4.24,1.751,5.516,0,交易,5.296591733139957,17.09708737864078,468437.1520453681,0.9670564277737633,0.94984562832556,1.0077697152245344
2020-07-16,000657.SZ,29.895,30.531,28.029,28.156,18914310.0,-3.628,29.527,4.24,2.445,7.702,0,交易,3.6556738509478057,12.226993865030675,674812.1588354919,0.9671153909141529,0.9180505060430383,1.048692996164228
2020-07-17,000657.SZ,28.368,28.707,27.52,28.326,9763118.0,0.602,28.129,4.24,1.262,3.976,0,交易,7.124245472837022,22.47860538827258,354764.46220930235,0.9798655380220852,0.9586512000557355,0.9930452587728589
2020-07-20,000657.SZ,28.411,29.979,28.326,29.683,13272521.0,4.79,29.344,4.24,1.716,5.405,0,交易,5.491766882516188,16.556526806526808,468563.19282637857,0.9788185062877348,0.9448614029820875,0.9885793214971533
2020-07-21,000657.SZ,29.64,30.064,28.792,29.428,9343980.0,-0.857,29.379,4.24,1.208,3.805,0,交易,7.734034165571616,24.536423841059605,324533.89830508473,0.9772152740819585,0.9576902607770091,0.9983349191246432
2020-07-22,000657.SZ,29.767,31.124,29.555,30.616,22182338.0,4.035,30.388,4.24,2.868,9.033,0,交易,3.3893501605225285,10.379009762900976,750544.3410590425,0.9763526539005271,0.9495887418069657,0.9925529135092762
2020-07-23,000657.SZ,30.022,31.167,29.852,30.319,16794997.0,-0.97,30.354,4.24,2.171,6.839,0,交易,4.433250475215674,13.828650391524643,562608.7699316628,0.9739147174896524,0.9578079378830172,1.001154391635608
2020-07-24,000657.SZ,30.785,30.955,29.089,29.301,15523626.0,-3.357,29.974,4.24,2.007,6.321,0,交易,4.635500711912672,15.338814150473343,533659.6651655266,0.9683088354062349,0.9397189468583428,1.0229684993686223
2020-07-27,000657.SZ,29.386,30.488,29.386,29.725,10605812.0,1.447,29.922,4.24,1.371,4.319,0,交易,6.882380180597361,21.433989788475564,360913.768461172,0.9814353188139596,0.9638546313303594,1.006627417998318
2020-07-28,000657.SZ,30.361,31.591,30.149,30.488,20019546.0,2.568,30.954,4.24,2.588,8.152,0,交易,3.7399411187438667,11.73145285935085,664020.2328435438,0.9798360292488367,0.9543540881896743,1.0152847021779061
2020-07-29,000657.SZ,30.234,30.785,29.555,30.7,13448724.0,0.695,30.2,4.24,1.739,5.477,0,交易,5.605258353113018,17.38585393904543,455040.5684317374,0.980997238915056,0.9600454766931947,0.9837133550488599
2020-07-30,000657.SZ,30.87,30.87,30.064,30.616,11039264.0,-0.276,30.45,4.24,1.427,4.495,0,交易,6.811123470522803,21.632796075683252,367192.12346993084,0.9863945578231292,0.9738905085843861,0.9945779984321923
2020-07-31,000657.SZ,30.531,30.743,29.852,30.361,9389833.0,-0.831,30.258,4.24,1.214,3.824,0,交易,7.939592050209206,25.149093904448105,314546.1945598285,0.9842240510034805,0.9710177926682497,0.9966074898718751
2020-08-03,000657.SZ,30.446,33.414,30.276,32.651,26310655.0,7.542,32.214,4.24,3.401,10.714,0,交易,3.0475079335448947,8.952072919729492,869026.7868939093,0.9640869096785778,0.906087268809481,0.9866160301369022
2020-08-04,000657.SZ,32.863,33.838,32.269,32.651,22794946.0,0.0,32.984,4.24,2.947,9.282,0,交易,3.5176686059039004,11.151340346114692,706403.8550931235,0.974762101779065,0.9536320113481883,1.0101987687972802
2020-08-05,000657.SZ,32.778,33.287,31.718,32.778,21646777.0,0.39,32.614,4.24,2.798,8.815,0,交易,3.718434486670448,11.714796283059327,682476.1018979759,0.9797818968366028,0.952864481629465,0.9949966440905484
2020-08-06,000657.SZ,32.736,34.305,32.566,32.99,30073506.0,0.647,33.238,4.24,3.888,12.246,0,交易,2.6939408786542547,8.419753086419753,923463.3052877233,0.9688966622941262,0.9493076810960502,1.007517429524098
2020-08-07,000657.SZ,32.99,33.117,31.803,32.481,17787165.0,-1.542,32.39,4.24,2.3,7.243,0,交易,4.484467761977081,14.343478260869567,559292.0479200075,0.9780475284597036,0.9603224929794366,0.9971983621193928
2020-08-10,000657.SZ,32.015,32.312,31.167,31.633,14435604.0,-2.611,31.673,4.24,1.866,5.878,0,交易,5.381592378359986,17.157020364415864,463169.5062084897,0.9802240653627136,0.9645642485763805,1.0012645022602977
2020-08-11,000657.SZ,31.294,31.676,30.276,30.403,13052630.0,-3.887,31.082,4.24,1.687,5.315,0,交易,5.720225776105361,18.55008891523414,431121.350244418,0.9812476322768027,0.9558025003156965,1.022333322369503
2020-08-12,000657.SZ,29.979,30.191,28.75,29.343,16277840.0,-3.487,29.345,4.24,2.104,6.629,0,交易,4.426459496153266,14.24857414448669,566185.7391304348,0.9719784041601802,0.9522705442019145,1.0000681593565757
2020-08-13,000657.SZ,29.343,29.725,29.174,29.471,6837039.999999999,0.434,29.422,4.24,0.884,2.784,0,交易,10.585847701149426,33.19343891402715,234353.8767395626,0.9898065601345668,0.9814634146341463,0.9983373485799599
2020-08-14,000657.SZ,29.386,29.767,28.835,29.64,6611839.999999999,0.576,29.357,4.24,0.855,2.692,0,交易,11.01040118870728,34.369590643274854,229299.11565805442,0.9862263580475022,0.9686901602445662,0.9904520917678812
2020-08-17,000657.SZ,29.683,30.276,29.513,30.191,7738275.999999999,1.86,29.978,4.24,1.0,3.151,0,交易,9.581402729292288,29.683,262198.8954020262,0.9901572202404545,0.97479852028009,0.9929449173594781
2020-08-18,000657.SZ,30.446,30.446,29.81,29.979,8025291.0,-0.702,30.062,4.24,1.038,3.268,0,交易,9.173500611995104,29.331406551059732,269214.7266018115,0.9873875057478815,0.9791105563949286,1.0027686046899498
2020-08-19,000657.SZ,30.064,30.531,29.725,29.81,8210157.000000001,-0.566,30.104,4.24,1.061,3.343,0,交易,8.917140293149865,28.335532516493874,276203.7678721615,0.9860142150601029,0.9736006026661427,1.0098624622609862
2020-08-20,000657.SZ,29.471,29.513,29.047,29.089,6981200.0,-2.418,29.205,4.24,0.903,2.843,0,交易,10.231797397115722,32.63676633444075,240341.51547491996,0.989563920983973,0.984210347982245,1.0039877616968613
2020-08-21,000657.SZ,29.174,31.167,28.835,30.403,14398535.999999998,4.519,30.19,4.24,1.861,5.863,0,交易,5.185570527033941,15.67651800107469,499342.3270331194,0.9686527416819072,0.925177270831328,0.9929941124231162
2020-08-24,000657.SZ,30.87,31.209,30.361,30.573,12398549.0,0.558,30.741,4.24,1.603,5.049,0,交易,6.055258467023172,19.25764192139738,408370.9034616778,0.985004325675286,0.9728283507962447,1.0054950446472377
2020-08-25,000657.SZ,30.743,30.87,29.895,30.022,7750189.999999999,-1.803,30.249,4.24,1.002,3.156,0,交易,9.512674271229404,30.681636726546905,259247.03127613312,0.9798833819241982,0.9684159378036928,1.007561121843981
2020-08-26,000657.SZ,30.022,30.276,29.047,29.343,6356486.0,-2.26,29.561,4.24,0.822,2.588,0,交易,11.338098918083462,36.523114355231144,218834.50958790924,0.9763839344695469,0.9594067908574448,1.0074293698667485
2020-08-27,000657.SZ,29.216,29.683,29.174,29.683,5189096.0,1.156,29.438,4.24,0.671,2.113,0,交易,14.047799337434927,43.540983606557376,177867.14197573182,0.9917461173062022,0.982852137587171,0.9917461173062022
2020-08-28,000657.SZ,29.725,29.852,29.089,29.725,6162163.0,0.143,29.465,4.24,0.797,2.509,0,交易,11.847349541650061,37.2961104140527,211838.25501048507,0.9870360444861316,0.9744405734959131,0.9912531539108494
2020-08-31,000657.SZ,29.683,30.573,29.683,29.979,8399407.0,0.856,30.18,4.24,1.086,3.42,0,交易,8.76578947368421,27.332412523020256,282970.28602230235,0.9871455205573545,0.9708893468092762,1.0067046932852997
2020-09-01,000657.SZ,29.979,30.488,29.725,30.319,7420327.0,1.132,30.196,4.24,0.959,2.158,0,交易,14.04958294717331,31.260688216892596,249632.5315391085,0.9904224612962478,0.974973760167935,0.9959431379662919
2020-09-02,000657.SZ,30.361,30.403,29.725,29.852,6033363.0,-1.538,29.939,4.24,0.78,1.755,0,交易,17.00968660968661,38.924358974358974,202972.68292682926,0.9847383481893235,0.9776995691214684,1.0029143775961409
2020-09-03,000657.SZ,29.81,30.107,29.386,29.513,4358460.0,-1.136,29.68,4.24,0.563,1.268,0,交易,23.275236593059937,52.94849023090586,148317.56618798067,0.9858172518019065,0.9760520809114159,1.0056585233625859
2020-09-04,000657.SZ,29.131,29.471,28.835,29.259,5936504.0,-0.862,29.108,4.24,0.767,1.727,0,交易,16.94209612044007,37.98044328552803,205878.41165250563,0.9876828068270503,0.978419463201113,0.9948391947776752
2020-09-07,000657.SZ,29.216,29.852,29.004,29.089,5190757.0,-0.58,29.436,4.24,0.671,1.51,0,交易,19.264238410596025,43.540983606557376,178966.93559509033,0.9860645852874179,0.9715931930858904,1.0119289078345768
2020-09-08,000657.SZ,29.174,29.343,28.835,29.259,4429500.0,0.583,29.132,4.24,0.573,1.288,0,交易,22.716614906832298,50.91448516579407,153615.3979538755,0.9928091878812665,0.9826875234297788,0.9956594552103627
2020-09-09,000657.SZ,29.047,29.343,28.538,28.623,5536332.0,-2.174,28.881,4.24,0.716,1.61,0,交易,17.778260869565216,40.56843575418995,193998.5983600813,0.9842551886310194,0.9725658589782913,1.0090137302169584
2020-09-10,000657.SZ,28.919,30.276,28.029,29.174,12540733.0,1.926,29.119,4.24,1.621,3.648,0,交易,7.9972587719298245,17.840222085132634,447419.92222341144,0.9617849121416303,0.9257827982560444,0.9981147597175567
2020-09-11,000657.SZ,29.131,29.683,27.986,29.598,10720898.0,1.453,29.005,4.24,1.386,3.118,0,交易,9.492623476587557,21.01803751803752,383080.7546630458,0.9771586429943064,0.9428292288515312,0.9799648624907088
2020-09-14,000657.SZ,29.555,30.488,29.513,30.403,17519618.0,2.722,30.228,4.24,2.265,5.096,0,交易,5.9660518053375196,13.048565121412803,593623.7590214481,0.9914720545788508,0.9680202046706902,0.9942439890800251
2020-09-15,000657.SZ,30.785,30.912,29.64,29.895,12604018.0,-1.674,29.922,4.24,1.629,3.666,0,交易,8.154664484451718,18.898096992019646,425236.7746288799,0.9679736024844721,0.9588509316770187,1.0009031610637231
2020-09-16,000657.SZ,29.895,30.616,29.471,30.361,14132845.000000002,1.56,30.163,4.24,1.827,4.111,0,交易,7.385307711019217,16.362889983579638,479550.91445828107,0.9852038149986935,0.9626012542461458,0.9934784756760318
2020-09-17,000657.SZ,30.149,30.658,29.937,30.107,9945431.0,-0.838,30.279,4.24,1.286,2.893,0,交易,10.406844106463879,23.444012441679625,332212.0118916391,0.9876378106856285,0.9764824841803118,1.0057129571196068
2020-09-18,000657.SZ,30.191,30.7,29.725,30.616,10603084.0,1.69,30.312,4.24,1.371,3.084,0,交易,9.927367055771725,22.021152443471916,356705.93776282587,0.9873615635179154,0.968241042345277,0.9900705513457017
2020-09-21,000657.SZ,30.573,31.124,29.979,30.191,9816520.0,-1.385,30.479,4.24,1.269,2.855,0,交易,10.57478108581436,24.092198581560286,327446.5459154742,0.9792764426166303,0.9632116694512274,1.009539266668875
2020-09-22,000657.SZ,29.895,29.937,29.174,29.174,8929365.0,-3.371,29.485,4.24,1.154,2.597,0,交易,11.233731228340393,25.905545927209708,306072.7017207102,0.9849016267495072,0.9745131442696329,1.0106601768698156
2020-09-23,000657.SZ,29.343,29.386,28.792,29.047,4731388.0,-0.436,29.075,4.24,0.612,1.376,0,交易,21.109738372093027,47.94607843137255,164329.95276465683,0.9894167290546518,0.9797862927924863,1.0009639549695322
2020-09-24,000657.SZ,28.538,28.792,28.114,28.58,5851340.0,-1.606,28.409,4.24,0.756,1.702,0,交易,16.79200940070505,37.74867724867725,208129.04602689052,0.9866976938038343,0.9764517921644901,0.9940167949615115
2020-09-25,000657.SZ,28.623,28.665,28.156,28.411,2883260.0,-0.593,28.379,4.24,0.373,0.839,0,交易,33.86293206197855,76.7372654155496,102403.04020457451,0.9900226757369616,0.9822431536717251,0.9988736756889937
2020-09-28,000657.SZ,28.411,28.538,28.156,28.198,2115300.0,-0.746,28.285,4.24,0.273,0.615,0,交易,45.85040650406504,104.06959706959707,75127.85907089076,0.9911346275141916,0.9866143387763683,1.0030853252003689
2020-09-29,000657.SZ,28.326,28.495,28.156,28.198,2799840.0,0.0,28.289,4.24,0.362,0.814,0,交易,34.64127764127765,78.2486187845304,99440.26140076717,0.9927706615195648,0.9881031759957887,1.0032271792325698
2020-09-30,000657.SZ,28.368,28.411,27.859,27.859,2524095.0,-1.203,28.136,4.24,0.326,0.734,0,交易,37.95504087193461,87.01840490797545,90602.49829498546,0.9903206504522896,0.9805709056351414,1.0099429268817974
2020-10-09,000657.SZ,28.156,28.623,28.156,28.538,3761799.0,2.435,28.437,4.24,0.486,1.094,0,交易,26.085923217550274,57.934156378600825,133605.59028271062,0.9935017293784718,0.9836844495685287,0.9964608592052702
2020-10-12,000657.SZ,28.368,29.386,28.368,29.259,6038646.0,2.526,29.079,4.24,0.781,1.756,0,交易,16.6623006833713,36.322663252240716,212868.23181049072,0.9895528482951066,0.9653576533042946,0.9938480467548447
2020-10-13,000657.SZ,28.962,29.513,28.877,29.343,3866765.0,0.29,29.22,4.24,0.5,1.125,0,交易,26.082666666666668,57.924,133904.66461197493,0.990072171585403,0.9784501744993731,0.995808199570596
2020-10-14,000657.SZ,29.259,29.428,28.919,29.004,3267069.0,-1.156,29.024,4.24,0.422,0.95,0,交易,30.530526315789476,69.33412322274881,112973.0972716899,0.986271578088895,0.9827035476417018,1.0006895600606813
2020-10-15,000657.SZ,29.216,29.216,28.495,28.58,3304914.0,-1.462,28.812,4.24,0.427,0.961,0,交易,29.739854318418313,68.4215456674473,115982.24249868398,0.9861719605695509,0.9753217415115005,1.008117564730581
2020-10-16,000657.SZ,28.665,28.75,28.326,28.58,2193295.0,0.0,28.513,4.24,0.284,0.638,0,交易,44.7962382445141,100.9330985915493,77430.45258772859,0.9917565217391305,0.9852521739130435,0.9976557032890134
2020-10-19,000657.SZ,28.495,29.047,28.326,28.453,1933284.0,-0.445,28.568,4.24,0.25,0.562,0,交易,50.62811387900355,113.98,68251.21796229613,0.983509484628361,0.9751781595345475,1.0040417530664605
2020-10-20,000657.SZ,29.216,29.555,28.792,29.004,6395431.0,1.937,29.135,4.24,0.827,1.86,0,交易,15.593548387096774,35.327690447400244,222125.2778549597,0.9857892065640332,0.9741837252579937,1.0045166183974625
2020-10-21,000657.SZ,28.919,28.919,28.326,28.453,2979062.0,-1.901,28.563,4.24,0.385,0.867,0,交易,32.817762399077274,75.11428571428571,105170.58532796723,0.9876897541408762,0.9794944500155607,1.0038660246722666
2020-10-22,000657.SZ,28.58,28.58,28.156,28.411,2005386.0,-0.149,28.338,4.24,0.259,0.583,0,交易,48.73241852487136,110.34749034749034,71224.10853814463,0.9915325402379287,0.9851644506648006,0.9974305726655168
2020-10-23,000657.SZ,28.495,28.707,28.198,28.241,1959918.0,-0.597,28.387,4.24,0.253,0.57,0,交易,49.54561403508772,112.62845849802372,69505.56777076388,0.9888528930226077,0.9822691329640854,1.0051697886052193
2020-10-26,000657.SZ,28.241,28.411,27.902,27.986,1864024.0000000002,-0.901,28.131,4.24,0.241,0.542,0,交易,51.63468634686347,117.18257261410788,66806.10708909757,0.9901446622786948,0.9820844039280561,1.0051811620095763
2020-10-27,000657.SZ,27.902,28.156,27.774,28.071,1848857.0,0.303,27.986,4.24,0.239,0.538,0,交易,52.17657992565056,116.744769874477,66567.90523511198,0.9939622105412701,0.9864327319221481,0.996971963948559
2020-10-28,000657.SZ,27.986,28.198,27.181,27.435,4604760.0,-2.266,27.538,4.24,0.595,1.339,0,交易,20.489171023151606,47.03529411764706,169410.9856149516,0.9765940846868573,0.9639336123129301,1.0037543284126116
2020-10-29,000657.SZ,27.478,27.478,26.926,27.011,4035200.0,-1.546,27.088,4.24,0.522,1.174,0,交易,23.007666098807498,52.63984674329502,149862.58634776797,0.9858068272800058,0.9799112016886236,1.0028506904594425
2020-10-30,000657.SZ,27.054,27.138,26.29,26.545,4544880.0,-1.727,26.797,4.24,0.588,1.322,0,交易,20.07942511346445,46.01020408163265,172874.857360213,0.9874345935588473,0.9687523030437024,1.009493313241665
2020-11-02,000657.SZ,26.545,26.714,26.248,26.587,3719628.0,0.16,26.478,4.24,0.481,1.082,0,交易,24.572088724584102,55.18711018711019,141710.91130752818,0.9911656809163736,0.9825559631653815,0.9959002520028586
2020-11-03,000657.SZ,26.672,27.859,26.63,27.774,6414284.0,4.466,27.523,4.24,0.829,1.866,0,交易,14.884244372990354,32.17370325693607,240866.841907623,0.9879392655874223,0.9558849922825656,0.9909627709368474
2020-11-04,000657.SZ,27.817,28.114,27.562,27.859,3936035.0,0.305,27.882,4.24,0.509,1.145,0,交易,24.331004366812227,54.650294695481335,142806.58152528843,0.9917478836167034,0.9803656541225012,1.0008255859865753
2020-11-05,000657.SZ,28.071,28.665,27.859,27.986,4082294.0,0.457,28.092,4.24,0.528,1.187,0,交易,23.577085088458297,53.16477272727273,146534.11823827127,0.9800104657247515,0.9718820861678006,1.0037876080897592
2020-11-06,000657.SZ,28.114,28.411,27.605,27.817,3547383.0,-0.606,28.009,4.24,0.459,1.032,0,交易,26.954457364341085,61.250544662309366,128505.08965767072,0.9858505508429833,0.9716307064165288,1.0069022540173276
2020-11-09,000657.SZ,28.029,28.707,27.944,28.665,6836971.000000001,3.049,28.399,4.24,0.884,1.989,0,交易,14.411764705882351,31.707013574660632,244666.86945319214,0.9892709095342599,0.9734211168007803,0.9907203907203908
2020-11-10,000657.SZ,28.75,28.792,28.156,28.326,3886340.0,-1.183,28.388,4.24,0.502,1.13,0,交易,25.067256637168143,57.27091633466136,138028.83932376758,0.9859683245345929,0.977910530702973,1.0021888018075267
2020-11-11,000657.SZ,28.623,28.962,28.071,28.495,5801251.0,0.599,28.602,4.24,0.75,1.687,0,交易,16.89093064611737,38.164,206663.49613480104,0.9875699192044749,0.9692355500310753,1.0037550447446921
2020-11-12,000657.SZ,28.411,28.538,28.029,28.156,5356969.0,-1.19,28.238,4.24,0.693,1.558,0,交易,18.07188703465982,40.997113997114,191122.37325627028,0.9894877006097134,0.9821641320344803,1.0029123455036226
2020-11-13,000657.SZ,28.114,28.75,28.029,28.368,5595798.0,0.753,28.434,4.24,0.723,1.628,0,交易,17.425061425061426,38.88520055325035,199643.15530343572,0.989008695652174,0.9749217391304348,1.002326565143824
2020-11-16,000657.SZ,28.453,29.725,28.283,29.428,13671785.0,3.737,29.271,4.24,1.767,3.977,0,交易,7.399547397535832,16.10243350311262,483392.3204751971,0.9847266610597141,0.951488645920942,0.9946649449503874
2020-11-17,000657.SZ,29.343,29.683,28.962,29.174,8488002.0,-0.865,29.331,4.24,1.097,2.469,0,交易,11.816119886593762,26.74840474020055,293073.75181272015,0.9881413603746252,0.9757100023582522,1.0053815040789744
2020-11-18,000657.SZ,29.216,30.319,29.174,29.979,14181626.999999998,2.762,29.891,4.24,1.833,4.125,0,交易,7.267636363636363,15.938897981451174,486104.990745184,0.9858834394274217,0.9622349022065372,0.9970646118949932
2020-11-19,000657.SZ,29.895,30.191,29.301,29.725,8674486.0,-0.849,29.646,4.24,1.121,2.523,0,交易,11.781609195402298,26.668153434433542,296047.4386539709,0.9819482627273028,0.9705210161968798,0.9973423044575274
2020-11-20,000657.SZ,29.767,30.616,29.513,30.403,11223030.0,2.282,30.161,4.24,1.451,3.264,0,交易,9.314644607843137,20.514817367332874,380274.1164910378,0.9851384896785995,0.9639730859681213,0.992040259184949
2020-11-23,000657.SZ,30.488,31.591,30.191,30.912,18063191.0,1.674,31.03,4.24,2.335,5.254,0,交易,5.883517320137039,13.056959314775161,598297.2077771522,0.982241777721503,0.955683580766674,1.0038172877846792
2020-11-24,000657.SZ,30.743,31.464,30.488,31.379,14478960.0,1.509,31.034,4.24,1.872,4.211,0,交易,7.451674186654001,16.422542735042732,474906.848596169,0.9863335875921688,0.968980422069667,0.9890053857675515
2020-11-25,000657.SZ,31.294,31.506,29.937,30.064,15411124.0,-4.189,30.621,4.24,1.992,4.483,0,交易,6.706223511041713,15.709839357429718,514785.1822159869,0.9719101123595505,0.9501999619120168,1.01852714209686
2020-11-26,000657.SZ,30.234,30.361,29.386,29.683,10095739.0,-1.269,29.775,4.24,1.305,2.937,0,交易,10.106571331290432,23.167816091954027,343556.08112706733,0.9806989229603768,0.9678864332531866,1.0030994171748138
2020-11-27,000657.SZ,29.683,29.937,29.174,29.852,7983520.0,0.571,29.532,4.24,1.032,2.322,0,交易,12.85615848406546,28.762596899224807,273651.8818125728,0.9864715903397133,0.9745131442696329,0.9892804502210907
2020-11-30,000657.SZ,29.725,30.658,29.598,29.81,14666932.999999998,-0.142,30.17,4.24,1.896,4.266,0,交易,6.987810595405532,15.677742616033758,495537.9755388877,0.9840824580859808,0.9654250114162698,1.0120764844012078
2020-12-01,000657.SZ,29.598,29.767,29.047,29.725,7887761.0,-0.284,29.459,4.24,1.02,2.294,0,交易,12.957715780296425,29.017647058823528,271551.65765827795,0.9896529714112944,0.9758121409614674,0.9910513036164844
2020-12-02,000657.SZ,29.64,30.743,29.386,30.234,15175457.999999998,1.712,30.263,4.24,1.962,4.414,0,交易,6.849569551427278,15.107033639143731,516417.9541278159,0.9843866896529292,0.9558598705396351,1.0009591850234836
2020-12-03,000657.SZ,30.064,30.191,29.259,29.471,10458484.0,-2.525,29.643,4.24,1.352,3.042,0,交易,9.68803418803419,22.236686390532544,357445.0254622509,0.9818488953661688,0.9691298731410023,1.0058362458009569
2020-12-04,000657.SZ,29.471,30.955,29.089,30.955,20787827.0,5.036,30.364,4.24,2.687,6.047,0,交易,5.1190673061022,10.967994045403797,714628.4506170718,0.9809077693425942,0.9397189468583428,0.9809077693425942
2020-12-07,000657.SZ,30.785,31.124,30.191,30.361,16761293.0,-1.918,30.568,4.24,2.167,4.875,0,交易,6.227897435897436,14.206275957544994,555175.1515352258,0.9821359722400721,0.9700231332733582,1.0068179572477851
2020-12-08,000657.SZ,30.361,30.573,29.343,29.386,12986524.0,-3.212,29.739,4.24,1.679,3.777,0,交易,7.7802488747683345,18.08278737343657,442576.5599972736,0.9727210283583554,0.9597684231184378,1.0120125229701218
2020-12-09,000657.SZ,29.64,29.895,28.707,28.792,11448288.0,-2.02,29.307,4.24,1.48,3.33,0,交易,8.646246246246246,20.027027027027028,398797.78451248823,0.9803311590566984,0.9602609131961867,1.0178869130313974
2020-12-10,000657.SZ,28.665,28.792,28.114,28.495,7092980.0,-1.031,28.383,4.24,0.917,2.063,0,交易,13.812409112942316,31.259541984732824,252293.51924308174,0.9857946651847734,0.9764517921644901,0.9960694858747148
2020-12-11,000657.SZ,28.707,29.598,27.986,28.453,8535267.0,-0.149,28.728,4.24,1.103,2.483,0,交易,11.459122029802657,26.02629193109701,304983.4560137211,0.9706061220352727,0.9455368605986891,1.0096650616806664
2020-12-14,000657.SZ,28.198,28.58,27.859,28.495,5542660.0,0.149,28.247,4.24,0.717,1.612,0,交易,17.676799007444167,39.32775453277546,198954.01845005204,0.9883484954513646,0.9747725682295313,0.9912967187225828
2020-12-15,000657.SZ,28.198,28.411,27.902,27.986,3943857.0,-1.786,28.05,4.24,0.51,1.147,0,交易,24.399302528334786,55.29019607843137,141346.7493369651,0.9872936538664602,0.9820844039280561,1.0022868577145716
2020-12-16,000657.SZ,28.071,28.792,27.774,28.283,5191193.0,1.061,28.253,4.24,0.671,1.51,0,交易,18.73046357615894,41.83457526080477,186908.36753798515,0.9812795220894692,0.9646429563767713,0.9989392921542976
2020-12-17,000657.SZ,28.156,29.555,27.902,29.386,10336760.0,3.898,28.906,4.24,1.336,3.007,0,交易,9.772530761556368,21.074850299401195,370466.63321625686,0.9780409406191846,0.9440703772627306,0.9836656911454434
2020-12-18,000657.SZ,29.386,30.785,29.216,30.064,21007600.0,2.309,30.047,4.24,2.716,6.11,0,交易,4.920458265139116,10.819587628865978,719044.3592552026,0.9760272860159168,0.9490336202696118,0.9994345396487494
2020-12-21,000657.SZ,29.937,30.616,29.81,30.319,14114713.0,0.846,30.286,4.24,1.825,4.106,0,交易,7.384072089624939,16.403835616438357,473489.1982556189,0.9892213221844788,0.9736738960020904,0.9989115736007125
2020-12-22,000657.SZ,30.361,30.658,29.513,29.64,13652426.999999998,-2.238,30.038,4.24,1.765,3.971,0,交易,7.464114832535885,17.201699716713883,462590.28224850056,0.9797768934698936,0.9626524887468197,1.0134278002699055
2020-12-23,000657.SZ,29.852,30.743,29.471,30.488,13094120.0,2.861,30.17,4.24,1.693,3.809,0,交易,8.004200577579416,17.632604843473125,444305.2492280547,0.9813616107731843,0.9586247275802622,0.9895696667541328
2020-12-24,000657.SZ,30.361,30.7,29.979,30.234,9627866.0,-0.834,30.313,4.24,1.245,2.8,0,交易,10.797857142857143,24.3863453815261,321153.6742386337,0.9873941368078176,0.976514657980456,1.0026129523053515
2020-12-25,000657.SZ,29.895,32.015,29.471,31.506,22467097.0,4.208,31.068,4.24,2.905,6.535,0,交易,4.821117061973986,10.290877796901894,762345.9332903533,0.9704201155708262,0.9205372481649227,0.9860978861169302
2020-12-28,000657.SZ,31.421,31.633,30.658,30.828,15513396.0,-2.153,31.043,4.24,2.006,4.512,0,交易,6.832446808510639,15.663509471585245,506014.61282536364,0.9813485916606076,0.9691777574052415,1.0069741793175035
2020-12-29,000657.SZ,31.124,31.124,29.259,29.386,14041887.0,-4.677,29.985,4.24,1.815,4.084,0,交易,7.195396669931441,17.148209366391185,479916.84609863634,0.9634044467292122,0.9400783960930472,1.020383856258082
2020-12-30,000657.SZ,29.259,31.294,29.089,30.912,18993735.0,5.195,30.528,4.24,2.455,5.525,0,交易,5.594932126696832,11.918126272912424,652952.4906321978,0.9755224643701668,0.929539208794018,0.9875776397515528
2020-12-31,000657.SZ,31.04,31.209,30.361,30.743,11323635.0,-0.549,30.761,4.24,1.464,3.294,0,交易,9.333029751062538,21.202185792349727,372966.4701426172,0.9856451664583934,0.9728283507962447,1.0005854991380152
2021-01-04,000657.SZ,30.658,32.566,30.531,32.015,21100734.0,4.138,31.846,4.24,2.728,6.138,0,交易,5.215868361029652,11.238269794721408,691124.8894566179,0.9778910520174414,0.9375115150770741,0.9947212244260503
2021-01-05,000657.SZ,32.057,32.524,31.506,32.184,15819822.0,0.53,32.026,4.24,2.045,4.601,0,交易,6.995001086720277,15.675794621026897,502120.92934679106,0.9846882302299841,0.9687000368958307,0.995090728312205
2021-01-06,000657.SZ,32.1,32.863,31.209,31.379,13031965.0,-2.503,31.597,4.24,1.685,3.791,0,交易,8.27723555790029,19.050445103857566,417570.7328014355,0.9614764324620394,0.9496698414630436,1.0069473214570255
2021-01-07,000657.SZ,30.955,32.693,30.912,32.1,26262882.0,2.297,31.907,4.24,3.395,7.639,0,交易,4.202120696426234,9.11782032400589,849601.5139751553,0.9759581561802221,0.9455235065610376,0.9939875389408099
2021-01-08,000657.SZ,32.184,32.396,30.149,31.209,20126365.0,-2.774,30.925,4.24,2.602,5.854,0,交易,5.331226511786812,12.368946963873944,667563.2690968191,0.9545931596493394,0.9306395851339672,0.9909000608798745
2021-01-11,000657.SZ,30.785,31.082,29.767,29.852,17333211.0,-4.348,30.226,4.24,2.241,5.042,0,交易,5.920666402221341,13.737170905845604,582296.2004904761,0.9724599446625056,0.9576925551766295,1.0125284738041003
2021-01-12,000657.SZ,29.598,30.191,28.962,29.937,12925156.0,0.284,29.625,4.24,1.671,3.76,0,交易,7.961968085106384,17.71274685816876,446279.81492990814,0.9812526911993641,0.9592925043887252,0.9895781140394829
2021-01-13,000657.SZ,29.64,30.616,29.004,29.131,13725990.0,-2.691,29.822,4.24,1.774,3.992,0,交易,7.2973446893787575,16.708004509582864,473244.72486553574,0.9740658479226548,0.9473477920041808,1.0237204352751363
2021-01-14,000657.SZ,28.877,29.089,27.986,27.986,14748679.999999998,-3.93,28.346,4.24,1.907,4.29,0,交易,6.523543123543123,15.142632406921866,527002.0724648037,0.9744576987864829,0.9620818866238098,1.012863574644465
2021-01-15,000657.SZ,28.156,28.368,27.562,28.114,10025322.0,0.455,28.007,4.24,1.296,2.916,0,交易,9.641289437585735,21.725308641975307,363737.1018068355,0.9872743936830233,0.9715877044557248,0.9961940670128762
2021-01-18,000657.SZ,27.986,28.453,27.096,27.944,27492449.0,-0.603,27.638,4.24,2.901,5.308,0,交易,5.264506405425772,9.64701826956222,1014631.2739887807,0.9713562717463888,0.9523073138157664,0.9890495276266821
2021-01-19,000657.SZ,27.69,27.732,26.969,27.096,19377376.0,-3.035,27.255,4.24,2.045,3.741,0,交易,7.242983159582999,13.54034229828851,718505.5434016833,0.9827996538295111,0.9724866580124045,1.0058680248007086
2021-01-20,000657.SZ,27.096,27.223,26.418,27.138,28071601.0,0.156,26.748,4.24,2.962,5.42,0,交易,5.007011070110702,9.147873058744091,1062593.723976077,0.9825515189361937,0.9704294163023913,0.9856290072960424
2021-01-21,000657.SZ,27.054,29.683,26.926,29.64,47631443.0,9.219,28.649,4.24,5.026,9.196,0,交易,3.223140495867769,5.382809391165937,1768975.8226249723,0.9651652461004616,0.9071185527069365,0.9665654520917679
2021-01-22,000657.SZ,29.259,29.386,28.326,28.75,23064516.0,-3.004,28.825,4.24,2.434,4.453,0,交易,6.456321580956658,12.020953163516843,814252.4888794747,0.9809092765262369,0.963928401279521,1.0026086956521738
2021-01-25,000657.SZ,28.919,30.658,28.919,30.488,38698874.0,6.047,30.12,4.24,4.083,7.471,0,交易,4.080845937625485,7.08278226794024,1338181.6107057643,0.982451562398069,0.9432774479744276,0.9879296772500656
2021-01-26,000657.SZ,30.531,31.04,29.979,30.234,27395040.999999996,-0.834,30.492,4.24,2.891,5.289,0,交易,5.716392512762337,10.560705638187478,913807.6987224389,0.9823453608247423,0.9658182989690721,1.0085334391744394
2021-01-27,000657.SZ,30.107,30.446,28.877,29.895,16714435.0,-1.122,29.706,4.24,1.764,3.227,0,交易,9.264022311744654,17.067460317460316,578814.8007064445,0.9756946725349799,0.9484661367667344,0.9936778725539388
2021-01-28,000657.SZ,29.555,30.107,28.707,28.877,16698651.999999998,-3.404,29.385,4.24,1.762,3.224,0,交易,8.956885856079403,16.77355278093076,581692.6881945169,0.9760188660444415,0.9534991862357591,1.0175918551096028
2021-01-29,000657.SZ,29.471,30.107,27.605,27.986,20555300.0,-3.084,28.514,4.24,2.169,3.968,0,交易,7.052923387096774,13.58736745043799,744622.3510233653,0.9470887169096888,0.9168964028299067,1.0188665761452154
2021-02-01,000657.SZ,27.732,28.198,27.223,28.029,12507980.0,0.152,27.793,4.24,1.32,2.415,0,交易,11.606211180124223,21.009090909090908,459463.68879256514,0.9856372792396624,0.965423079651039,0.9915801491312569
2021-02-02,000657.SZ,27.986,28.707,27.605,28.58,17278520.0,1.967,28.14,4.24,1.823,3.336,0,交易,8.56714628297362,15.351618211738893,625919.9420394856,0.9802487198244331,0.9616121503466053,0.9846046186144157
2021-02-03,000657.SZ,28.198,29.386,28.029,28.665,17218246.0,0.297,28.782,4.24,1.817,3.324,0,交易,8.623646209386282,15.518987341772153,614301.1167005601,0.9794459946913496,0.953821547675764,1.0040816326530613
2021-02-04,000657.SZ,28.538,28.623,27.266,27.605,14017745.000000002,-3.698,27.801,4.24,1.479,2.706,0,交易,10.20140428677014,19.29546991210277,514110.7973300082,0.9712818362855046,0.9525905740139048,1.0071001630139467
2021-02-05,000657.SZ,27.647,27.774,26.46,26.545,14134500.0,-3.84,26.961,4.24,1.491,2.729,0,交易,9.727006229388055,18.542588866532526,534183.6734693877,0.9707280190105854,0.9526895657809462,1.0156715012243358
2021-02-08,000657.SZ,26.63,27.181,26.248,27.054,8159966.0,1.917,26.799,4.24,0.861,1.575,0,交易,17.177142857142858,30.929152148664343,310879.53367875644,0.9859460652661786,0.9656745520768184,0.9905744067420714
2021-02-09,000657.SZ,27.181,29.767,27.181,29.767,28581075.0,10.031,29.434,4.24,3.016,5.518,0,交易,5.394527002537151,9.012267904509285,1051509.3263676832,0.9888131151946787,0.9131252729532704,0.9888131151946787
2021-02-10,000657.SZ,29.725,31.04,29.513,30.446,48001936.0,2.279,30.383,4.24,5.065,9.267,0,交易,3.2854213877198664,5.868706811451135,1626467.5227865686,0.978833762886598,0.9508054123711341,0.9979307626617617
2021-02-18,000657.SZ,31.633,32.227,30.361,31.082,50211389.0,2.089,31.263,4.24,5.298,9.694,0,交易,3.2063131834124197,5.9707436768591915,1653812.0944632916,0.9700871939677911,0.9420982406057034,1.005823306093559
2021-02-19,000657.SZ,30.87,32.227,30.446,32.227,50964448.0,3.683,31.438,4.24,5.378,9.839,0,交易,3.2754344953755457,5.740052063964299,1673929.1860999803,0.9755174232786173,0.9447357805566762,0.9755174232786173
2021-02-22,000657.SZ,32.396,35.45,32.312,33.287,78825910.0,3.289,33.763,4.24,8.318,15.218,0,交易,2.1873439348140358,3.8946862226496757,2439524.3253280516,0.9524118476727784,0.9114809590973201,1.014299876828792
2021-02-23,000657.SZ,32.396,33.457,32.057,32.524,43962351.0,-2.293,32.87,4.24,4.639,8.487,0,交易,3.8322139743136563,6.983401595171373,1371380.6968836759,0.9824550916101263,0.9581552440445946,1.0106382978723403
2021-02-24,000657.SZ,32.312,33.796,32.184,33.372,46077145.0,2.608,32.981,4.24,4.862,8.896,0,交易,3.751348920863309,6.645824763471822,1431678.6291324883,0.9758847200852172,0.9523020475795951,0.9882835910344001
2021-02-25,000657.SZ,34.389,34.729,31.591,31.972,43497566.0,-4.193,32.771,4.24,4.59,8.398,0,交易,3.8070969278399622,7.492156862745099,1376897.4074894749,0.9436206052578537,0.9096432376400128,1.024990616789691
2021-02-26,000657.SZ,30.785,32.227,30.531,31.252,25494812.0,-2.255,31.428,4.24,2.69,4.922,0,交易,6.349451442503048,11.444237918215613,835046.739379647,0.9752071244608559,0.9473733205076489,1.0056316395750673
2021-03-01,000657.SZ,31.548,33.414,31.379,33.202,30789582.0,6.242,32.387,4.24,3.249,5.944,0,交易,5.585800807537012,9.71006463527239,981216.163676344,0.9692643801999161,0.9390973843299216,0.9754532859466298
2021-03-02,000657.SZ,32.863,34.347,32.227,33.245,43125411.0,0.128,33.312,4.24,4.551,8.326,0,交易,3.9929137641124184,7.221050318611294,1338176.4048778976,0.9698663638745741,0.9382769965353596,1.0020153406527297
2021-03-03,000657.SZ,33.287,35.492,32.99,35.322,52966403.0,6.25,34.562,4.24,5.589,10.226,0,交易,3.454136514766282,5.955806047593486,1605529.0391027583,0.9737969119801646,0.9295052406176041,0.9784836645716549
2021-03-04,000657.SZ,34.517,36.849,34.305,35.153,59985216.0,-0.48,35.298,4.24,6.33,11.581,0,交易,3.0354028149555305,5.452922590837283,1748585.2208132925,0.9579093055442482,0.9309614914923066,1.0041248257616704
2021-03-05,000657.SZ,34.347,34.856,33.372,33.881,34104433.0,-3.619,33.99,4.24,3.599,6.584,0,交易,5.145959902794654,9.543484301194777,1021947.5308641975,0.9751549231122332,0.9574248336011016,1.0032171423511704
2021-03-08,000657.SZ,34.347,36.594,33.881,34.983,50077318.0,3.254,35.245,4.24,5.284,9.668,0,交易,3.6184319404220107,6.500189250567752,1478035.4180809304,0.963136033229491,0.9258621631961523,1.0074893519709573
2021-03-09,000657.SZ,33.923,34.729,32.015,32.905,42088388.0,-5.939,33.653,4.24,4.441,8.126,0,交易,4.049347772581837,7.638594911056069,1314645.8847415275,0.969017247833223,0.9218520544789658,1.0227321075824343
2021-03-10,000657.SZ,33.117,33.626,32.269,32.905,24763838.0,0.0,32.927,4.24,2.613,4.781,0,交易,6.882451370006276,12.673938002296211,767418.8230189966,0.979212514125974,0.9596443228454172,1.0006685913994833
2021-03-11,000657.SZ,33.075,36.213,32.905,36.213,33617583.0,10.052,34.895,4.24,3.547,6.49,0,交易,5.579815100154083,9.324781505497604,1021655.7666008205,0.9636042305249497,0.9086515892082954,0.9636042305249497
2021-03-12,000657.SZ,37.018,38.799,36.594,37.23,75150931.0,2.81,37.591,4.24,7.93,14.509,0,交易,2.5659935212626643,4.668095838587642,2053640.78810734,0.96886517693755,0.9431686383669683,1.009696481332259
2021-03-15,000657.SZ,37.315,37.57,36.043,36.382,42718880.0,-2.278,36.677,4.24,4.508,8.247,0,交易,4.41154359160907,8.277506654835847,1185219.876258913,0.9762310354005855,0.9593558690444504,1.0081084052553462
2021-03-16,000657.SZ,36.467,36.722,35.45,36.086,31195611.0,-0.816,35.992,4.24,3.292,6.023,0,交易,5.9913664286900215,11.077460510328068,879989.0267983074,0.9801209084472522,0.9653613637601438,0.9973951116776589
2021-03-17,000657.SZ,35.534,35.958,34.517,35.831,27595918.0,-0.705,35.304,4.24,2.912,5.328,0,交易,6.7250375375375375,12.20260989010989,799487.7306834313,0.9818121141331555,0.9599254686022584,0.9852920655298484
2021-03-18,000657.SZ,35.492,36.425,34.771,34.898,24152224.0,-2.604,35.275,4.24,2.549,4.663,0,交易,7.484023161055115,13.923891722244017,694608.2655086134,0.9684282772820865,0.9545916266300619,1.010802911341624
2021-03-19,000657.SZ,34.347,35.068,33.838,33.881,25934361.0,-2.916,34.363,4.24,2.737,5.007,0,交易,6.766726582784103,12.54914139568871,766427.123352444,0.979896201665336,0.9649252880118627,1.0142262625070098
2021-03-22,000657.SZ,33.711,36.34,33.245,35.322,30396308.0,4.255,34.76,4.24,3.207,5.868,0,交易,6.019427402862986,10.511693171188027,914312.1672431945,0.9565217391304346,0.9148321408915794,0.9840892361700921
2021-03-23,000657.SZ,35.025,35.662,33.033,33.669,27689353.000000004,-4.682,34.028,4.24,2.922,5.346,0,交易,6.297979797979798,11.98665297741273,838233.0699603427,0.954180920868151,0.9262800740283776,1.0106626273426595
2021-03-24,000657.SZ,33.16,33.923,32.057,32.227,24823238.0,-4.282,32.738,4.24,2.619,4.792,0,交易,6.72516694490818,12.66132111492936,774346.8821162304,0.965067947999882,0.9449930725466498,1.015856269587613
2021-03-25,000657.SZ,32.354,33.796,31.93,32.821,22140031.0,1.842,33.036,4.24,2.336,4.274,0,交易,7.679223210107627,13.850171232876713,693392.7654243658,0.9775121316132087,0.9447863652503254,1.0065506840132843
2021-03-26,000657.SZ,32.693,33.584,32.227,33.117,20631874.0,0.904,32.977,4.24,2.177,3.983,0,交易,8.314586994727591,15.01745521359669,640204.611040432,0.9819259171033824,0.9595938542162933,0.9957725639399704
2021-03-29,000657.SZ,33.117,33.669,32.566,33.075,17729464.0,-0.128,33.13,4.24,1.871,3.423,0,交易,9.662576687116566,17.700160342063068,544416.3851870048,0.983991208530102,0.9672398942647541,1.0016628873771731
2021-03-30,000657.SZ,32.821,34.05,32.142,33.626,24202286.0,1.667,33.382,4.24,2.554,4.673,0,交易,7.195805692274769,12.850822239624119,752980.0883579117,0.9803817914831131,0.9439647577092513,0.9927437102242312
2021-03-31,000657.SZ,33.117,33.329,32.439,32.778,14337495.000000002,-2.522,32.79,4.24,1.513,2.768,0,交易,11.841763005780347,21.88830138797092,441983.2608896699,0.9838278976266914,0.9732965285487113,1.0003660992128867
2021-04-01,000657.SZ,32.693,33.117,32.354,32.736,11271056.0,-0.129,32.688,4.24,1.189,2.176,0,交易,15.04411764705882,27.496215306980652,348366.6934536688,0.9870459280731951,0.9769604734728388,0.9985337243401761
2021-04-02,000657.SZ,32.778,32.778,31.803,31.972,12111476.0,-2.332,32.145,4.24,1.278,2.338,0,交易,13.674935842600513,25.64788732394366,380828.0979781781,0.9806882665202271,0.9702544389529563,1.005410984611535
2021-04-06,000657.SZ,32.312,32.905,32.1,32.608,10345781.0,1.989,32.431,4.24,1.092,1.997,0,交易,16.32849273910866,29.589743589743584,322298.4735202492,0.9855948943929493,0.9755356328825406,0.9945718842001963
2021-04-07,000657.SZ,32.566,35.874,31.972,35.874,59585593.00000001,10.013,35.194,4.24,6.287,11.504,0,交易,3.1183936022253134,5.179895021472881,1863680.501688978,0.9810447677984055,0.8912304175726152,0.9810447677984055
2021-04-08,000657.SZ,35.365,38.036,35.11,35.365,70827249.0,-1.418,36.043,4.24,7.474,13.674,0,交易,2.5862951586953344,4.731736687182232,2017295.6137852464,0.9476022715322325,0.9230728783257965,1.0191714972430368
2021-04-09,000657.SZ,35.365,36.467,34.813,35.746,39239594.0,1.079,35.719,4.24,4.141,7.576,0,交易,4.718321013727561,8.540207679304515,1127153.4771493408,0.9794883044944745,0.954643924644199,0.9992446707323897
2021-04-12,000657.SZ,35.874,36.849,35.322,35.534,31264090.999999996,-0.593,36.012,4.24,3.299,6.036,0,交易,5.8870112657389,10.874204304334647,885116.6694977633,0.9772856793942849,0.9585606122282831,1.0134519052175381
2021-04-13,000657.SZ,35.492,35.746,34.262,34.432,25573800.0,-3.103,34.702,4.24,2.699,4.937,0,交易,6.97427587603808,13.15005557613931,746418.7729846477,0.9707939349857325,0.9584848654394897,1.0078415427509293
2021-04-14,000657.SZ,34.559,34.941,33.541,34.093,19051215.0,-0.985,34.015,4.24,2.01,3.678,0,交易,9.269439912996194,17.193532338308458,567997.8235592261,0.973498182650754,0.9599324575713344,0.9977121403220601
2021-04-15,000657.SZ,34.347,35.45,33.16,33.669,27284311.0,-1.244,33.997,4.24,2.879,5.268,0,交易,6.39123006833713,11.930184091698507,822807.9312424609,0.9590126939351198,0.9354019746121296,1.0097418990763016
2021-04-16,000657.SZ,33.499,34.347,33.499,33.669,19548080.0,0.0,33.843,4.24,2.063,3.774,0,交易,8.921303656597773,16.238002908385845,583542.1952894116,0.9853262293650101,0.9753107986141439,1.005167958656331
2021-04-19,000657.SZ,33.753,35.153,32.693,34.601,27214036.0,2.771,34.349,4.24,2.872,5.254,0,交易,6.585649029311002,11.752437325905293,832411.7089285168,0.977128552328393,0.930020197422695,0.9927169734978757
2021-04-20,000657.SZ,34.177,35.619,34.008,34.813,30413936.0,0.613,34.769,4.24,3.209,5.872,0,交易,5.928644414168938,10.650358367092553,894317.1018583862,0.9761363317330638,0.9547713299081951,0.9987361043288425
2021-04-21,000657.SZ,34.347,34.813,33.499,34.262,23023969.0,-1.583,34.161,4.24,2.429,4.445,0,交易,7.707986501687289,14.140386990531084,687303.1732290515,0.9812713641455778,0.9622554792749834,0.9970521277216742
2021-04-22,000657.SZ,34.347,35.365,34.347,34.686,26186493.0,1.238,34.868,4.24,2.763,5.056,0,交易,6.860363924050633,12.431053203040175,762409.9047951786,0.9859465573306941,0.9712144775908383,1.0052470737473334
2021-04-23,000657.SZ,34.686,34.813,33.838,34.22,17140435.0,-1.345,34.179,4.24,1.809,3.309,0,交易,10.341492898156542,19.17412935323383,506543.9742301554,0.9817884123746876,0.9719932209232183,0.9988018702513151
2021-04-26,000657.SZ,34.347,35.534,34.177,34.941,28038452.0,2.107,35.0,4.24,2.959,5.413,0,交易,6.455015702937374,11.607637715444406,820389.5017116774,0.9849721393594867,0.9618112230539765,1.0016885607166366
2021-04-27,000657.SZ,35.28,36.043,34.389,35.28,28719313.0,0.971,35.259,4.24,3.03,5.545,0,交易,6.36248872858431,11.643564356435645,835130.7976387797,0.9782482035346669,0.954110368171351,0.9994047619047619
2021-04-28,000657.SZ,34.941,35.45,33.923,35.407,26443903.000000004,0.361,34.869,4.24,2.79,5.105,0,交易,6.935749265426051,12.523655913978496,779527.2528962651,0.98361071932299,0.9569252468265161,0.9848052644957213
2021-04-29,000657.SZ,35.407,36.382,34.856,36.255,34222860.0,2.395,35.717,4.24,3.611,6.607,0,交易,5.487361888905706,9.805317086679588,981835.551985311,0.9817217305260844,0.9580561816282778,0.9851606674941387
2021-04-30,000657.SZ,36.043,36.976,35.534,36.764,38386775.0,1.404,36.341,4.24,4.051,7.411,0,交易,4.9607340439886665,8.897309306344113,1080282.9684246075,0.9828266983989615,0.9610017308524448,0.9884941790882384
2021-05-06,000657.SZ,37.358,38.587,36.552,38.291,47448715.0,4.152,37.71,4.24,5.007,9.16,0,交易,4.180240174672488,7.461154383862592,1298115.424600569,0.9772721382849145,0.9472620312540492,0.9848267216839467
2021-05-07,000657.SZ,37.739,39.69,36.849,36.891,57195112.0,-3.654,38.235,4.24,6.035,11.042,0,交易,3.3409708386161925,6.253355426677713,1552148.280821732,0.9633408919123205,0.9284202569916855,1.036431649995934
2021-05-10,000657.SZ,36.976,40.284,36.976,39.435,52676772.0,6.897,38.239,4.24,5.558,10.17,0,交易,3.8775811209439532,6.65275278877294,1424620.6187797491,0.9492354284579485,0.9178830304835667,0.9696716115126156
2021-05-11,000657.SZ,38.248,38.757,36.722,37.782,37153456.0,-4.194,37.634,4.24,3.92,7.173,0,交易,5.267252195734002,9.757142857142856,1011749.2511301127,0.971024589106484,0.9474933560389092,0.9960827907469166
2021-05-12,000657.SZ,37.739,40.877,37.4,39.732,39169825.0,5.163,39.398,4.24,4.133,7.562,0,交易,5.254165564665432,9.131139608032905,1047321.5240641711,0.9638182841206546,0.914939941776549,0.9915936776401894
2021-05-13,000657.SZ,39.139,39.308,38.079,38.333,28767158.0,-3.522,38.663,4.24,3.035,5.554,0,交易,6.901872524306805,12.895881383855025,755459.9122876126,0.9835911264882465,0.9687340999287677,1.0086087705110478
2021-05-14,000657.SZ,38.418,38.63,36.806,37.655,28142787.0,-1.77,37.48,4.24,2.97,5.433,0,交易,6.930793300202467,12.935353535353535,764624.9796228877,0.9702303908879109,0.9527828112865647,0.9953525428229981
2021-05-17,000657.SZ,37.315,37.994,36.255,37.57,20554661.0,-0.225,37.117,4.24,2.169,3.968,0,交易,9.468245967741936,17.203780544029506,566946.9314577299,0.9769174080117913,0.9542296152024005,0.9879425073196698
2021-05-18,000657.SZ,37.57,38.333,37.23,37.527,16795348.0,-0.113,37.718,4.24,1.772,3.243,0,交易,11.571692876965773,21.202031602708804,451124.0397528875,0.9839563822294108,0.9712258367464065,1.0050896687718176
2021-05-19,000657.SZ,37.273,38.291,36.806,37.358,17144739.0,-0.452,37.626,4.24,1.809,3.31,0,交易,11.286404833836857,20.60420121614152,465813.69885344786,0.9826329946984932,0.9612180407928756,1.007173831575566
2021-05-20,000657.SZ,36.467,36.552,34.644,34.856,27010577.0,-6.697,35.325,4.24,2.85,5.215,0,交易,6.683796740172579,12.795438596491227,779661.0379863757,0.9664313854235064,0.9478003939592908,1.0134553591921047
2021-05-21,000657.SZ,34.898,35.407,34.517,34.813,11817185.0,-0.122,34.931,4.24,1.247,2.281,0,交易,15.262165716790882,27.985565356856455,342358.403105716,0.9865563306690768,0.9748637275115092,1.003389538390831
2021-05-24,000657.SZ,34.813,35.025,34.05,34.347,14462032.999999998,-1.34,34.448,4.24,1.526,2.792,0,交易,12.301934097421205,22.813237221494102,424729.3098384728,0.9835260528194147,0.9721627408993576,1.0029405770518531
2021-05-25,000657.SZ,34.517,34.941,34.262,34.559,12634623.0,0.617,34.609,4.24,1.333,2.439,0,交易,14.169331693316932,25.894223555888974,368764.8998890899,0.9904982685097736,0.9805672419220972,1.0014468011227178
2021-05-26,000657.SZ,34.686,35.365,34.559,35.11,13874951.999999998,1.595,35.029,4.24,1.464,2.679,0,交易,13.105636431504294,23.692622950819672,401485.9226250759,0.9904990810123003,0.9772091050473631,0.9976929649672459
2021-05-27,000657.SZ,35.068,35.704,34.644,35.534,14593656.0,1.208,35.223,4.24,1.54,2.817,0,交易,12.614128505502306,22.77142857142857,421246.2764114998,0.9865281200985884,0.9703114496975128,0.9912478189902628
2021-05-28,000657.SZ,35.831,36.086,35.492,35.746,15660894.0,0.597,35.794,4.24,1.653,3.023,0,交易,11.82467747270923,21.676346037507564,441251.3805928097,0.9919082192540043,0.9835393227290361,1.0013428075868627
2021-05-31,000657.SZ,35.704,36.467,35.492,35.831,14718970.000000002,0.237,35.931,4.24,1.553,2.842,0,交易,12.607670654468684,22.990341274951707,414712.32953905116,0.9853017796912277,0.9732634985054981,1.0027908794061007
2021-06-01,000657.SZ,35.619,35.619,34.474,35.11,13598229.999999998,-2.012,34.9,4.24,1.435,2.625,0,交易,13.375238095238094,24.821602787456445,394448.8600104426,0.9798141441365563,0.9678542350992447,0.9940187980632298
2021-06-02,000657.SZ,35.068,35.365,34.474,34.559,10403740.0,-1.57,34.858,4.24,1.098,2.009,0,交易,17.202090592334493,31.938069216757736,301785.1134188084,0.9856637918846316,0.9748055987558318,1.0086518707138517
2021-06-03,000657.SZ,34.432,35.662,34.347,35.11,13168272.0,1.595,35.104,4.24,1.39,2.542,0,交易,13.81195908733281,24.77122302158274,383389.29164119135,0.9843530929280466,0.9631260164881387,0.9998291085160923
2021-06-04,000657.SZ,34.771,35.534,34.347,35.407,10538581.0,0.845,35.187,4.24,1.112,2.035,0,交易,17.399017199017194,31.26888489208633,306826.8262148077,0.9902347047897788,0.9665953734451512,0.9937865393848674
2021-06-07,000657.SZ,35.322,35.874,35.11,35.492,8610282.0,0.24,35.455,4.24,0.909,1.662,0,交易,21.354993983152827,38.85808580858086,245237.31130731985,0.9883202319228409,0.978703239114679,0.998957511551899
2021-06-08,000657.SZ,35.407,35.662,34.601,34.686,8802586.0,-2.27,34.924,4.24,0.929,1.699,0,交易,20.415538552089462,38.113024757804084,254402.64732233173,0.9793057035499972,0.9702484437216085,1.006861557977282
2021-06-09,000657.SZ,34.686,35.11,34.559,34.898,7397046.000000001,0.611,34.892,4.24,0.781,1.428,0,交易,24.43837535014006,44.41229193341869,214041.08915188521,0.993790942751353,0.9843064653944744,0.9998280703765259
2021-06-10,000657.SZ,34.898,35.195,34.517,34.941,9185960.0,0.122,34.846,4.24,0.969,1.773,0,交易,19.707275803722506,36.01444788441693,266128.5743256946,0.9900838187242504,0.9807358999857935,0.9972811310494832
2021-06-11,000657.SZ,35.025,35.153,33.881,34.05,13117501.999999998,-2.549,34.384,4.24,1.384,2.532,0,交易,13.447867298578197,25.30708092485549,387163.9561996399,0.9781241999260376,0.963815321594174,1.0098091042584436
2021-06-15,000657.SZ,34.432,34.686,33.965,34.093,10624720.0,0.125,34.288,4.24,1.121,2.051,0,交易,16.62262311067772,30.715432649420162,312813.77889003383,0.9885256299371503,0.9792135155394108,1.0057196491948492
2021-06-16,000657.SZ,34.262,34.262,33.075,33.329,8554380.0,-2.239,33.577,4.24,0.903,1.652,0,交易,20.17493946731235,37.94241417497231,258635.82766439908,0.9800070048450178,0.9653552040161112,1.0074409673257523
2021-06-17,000657.SZ,33.329,33.499,32.566,32.778,10301017.0,-1.654,32.875,4.24,1.087,1.989,0,交易,16.479638009049772,30.66145354185833,316312.01252840384,0.981372578285919,0.9721484223409654,1.002959301970834
2021-06-18,000657.SZ,32.566,35.407,32.481,35.11,21662606.0,7.115,34.433,4.24,2.286,4.182,0,交易,8.395504543280726,14.245844269466318,666931.6215633755,0.9724913152766403,0.9173609738187365,0.9807177442324124
2021-06-21,000657.SZ,35.195,36.679,34.771,35.789,20197689.0,1.932,35.767,4.24,2.131,3.899,0,交易,9.17902026160554,16.515720319099017,580877.4265911247,0.975135636195098,0.9479811336186919,0.9993852859817263
2021-06-22,000657.SZ,35.789,37.867,35.662,37.612,30934787.0,5.095,36.909,4.24,3.264,5.972,0,交易,6.298057602143335,10.964767156862747,867443.9739779037,0.9747009269284602,0.9417698787862784,0.9813091566521323
2021-06-23,000657.SZ,37.697,38.799,37.4,38.418,26452526.0,2.142,38.224,4.24,2.791,5.107,0,交易,7.52261601723125,13.506628448584738,707286.7914438503,0.9851800304131549,0.9639423696487023,0.9949502837211723
2021-06-24,000657.SZ,38.121,40.029,38.036,39.266,34090928.0,2.208,39.272,4.24,3.597,6.582,0,交易,5.965663931935582,10.597998331943288,896280.5762961404,0.9810887106847535,0.9502110969547077,1.000152803952529
2021-06-25,000657.SZ,39.351,40.453,39.054,39.139,26319299.0,-0.324,39.583,4.24,2.777,5.081,0,交易,7.7030112182641215,14.17032769175369,673920.6995442208,0.978493560428151,0.9654166563666476,1.0113441835509338
2021-06-28,000657.SZ,39.181,40.411,38.333,39.648,21615617.0,1.3,39.306,4.24,2.281,4.173,0,交易,9.501078360891446,17.17711530030688,563890.5642657762,0.972655960010888,0.9485783573779416,0.9913740920096851
2021-06-29,000657.SZ,39.605,40.284,38.842,39.096,12349863.0,-1.39,39.449,4.24,1.303,2.384,0,交易,16.3993288590604,30.395241749808132,317951.26409556664,0.9792721676099692,0.9642041505312283,1.0090290566809905
2021-06-30,000657.SZ,39.69,42.997,39.181,42.997,21113383.0,9.978,42.27,4.24,2.228,4.076,0,交易,10.548822374877332,17.814183123877914,538867.8951532631,0.9830918436169966,0.9112496220666557,0.9830918436169966
2021-07-01,000657.SZ,45.033,47.28,44.948,46.475,98227415.0,8.087,46.81,4.24,10.365,18.964,0,交易,2.450696055684455,4.344717800289436,2185356.7455726615,0.9900592216582065,0.9506768189509306,1.0072081764389458
2021-07-02,000657.SZ,47.153,51.139,45.754,47.662,117891607.0,2.555,48.964,4.24,12.44,22.76,0,交易,2.0941124780316343,3.790434083601286,2576640.4467368973,0.9574688593832495,0.8946987621971488,1.027317359741513
2021-07-05,000657.SZ,45.202,48.764,44.482,46.899,80277051.0,-1.601,46.917,4.24,8.471,15.498,0,交易,3.026132404181185,5.336087829063865,1804708.6686749696,0.9621236978098597,0.9121893199901566,1.0003838034926118
2021-07-06,000657.SZ,48.213,51.605,46.687,48.976,96424290.0,4.43,48.996,4.24,10.175,18.616,0,交易,2.630855178341212,4.738378378378378,2065334.8897980168,0.949442883441527,0.9046991570584246,1.0004083632799738
2021-07-07,000657.SZ,48.467,51.605,47.111,50.503,84567655.0,3.117,49.808,4.24,8.924,16.327,0,交易,3.0932198199301766,5.431084715374272,1795072.3822461846,0.9651777928495301,0.9129154151729484,0.986238441280716
2021-07-08,000657.SZ,50.503,50.503,47.831,49.104,63181652.0,-2.771,48.857,4.24,6.667,12.198,0,交易,4.02557796360059,7.575071246437679,1320935.209383036,0.9674078767597964,0.947092251945429,0.9949698598892147
2021-07-09,000657.SZ,48.255,51.648,47.535,50.333,65166555.00000001,2.504,49.621,4.24,6.876,12.581,0,交易,4.000715364438439,7.017888307155323,1370917.3240769962,0.9607535625774474,0.9203647769516727,0.9858542109550396
2021-07-12,000657.SZ,50.333,50.884,47.874,48.255,49760499.0,-4.128,48.777,4.24,5.251,9.607,0,交易,5.02289996877277,9.585412302418586,1039405.5019425993,0.9585920918166811,0.9408458454524016,1.0108175318619832
2021-07-13,000657.SZ,47.365,47.535,45.796,46.856,39236924.0,-2.9,46.798,4.24,4.14,7.575,0,交易,6.185610561056106,11.44082125603865,856776.2249978164,0.984495634795414,0.9634164299989482,0.998762164930852
2021-07-14,000657.SZ,49.824,51.563,49.697,51.563,35368755.0,10.045,51.062,4.24,3.732,6.828,0,交易,7.551698886936145,13.350482315112538,711687.9288488239,0.9902837305820064,0.9638112600120241,0.9902837305820064
2021-07-15,000657.SZ,53.005,53.005,46.39,48.722,94540890.0,-5.51,49.014,4.24,9.976,18.252,0,交易,2.669406092483016,5.313251804330393,2037958.3962060788,0.9247052164890105,0.8752004527874728,1.00599318582981
2021-07-16,000657.SZ,48.34,52.496,47.789,50.121,66831577.0,2.872,50.015,4.24,7.052,12.903,0,交易,3.8844454777958615,6.854792966534317,1398471.9705371528,0.9527392563242914,0.9103360256019506,0.9978851180144052
2021-07-19,000657.SZ,50.588,55.125,50.588,53.005,70334433.0,5.753,52.97,4.24,7.422,13.579,0,交易,3.903453862581928,6.8159525734303426,1390338.2818059619,0.9609070294784581,0.9176961451247165,0.9993396849353834
2021-07-20,000657.SZ,52.157,58.305,52.157,58.305,80072148.0,10.0,55.728,4.24,8.449,15.459,0,交易,3.771589365418203,6.173156586578293,1535213.8351515618,0.9558013892462053,0.8945544978989795,0.9558013892462053
2021-07-21,000657.SZ,60.213,62.758,58.093,61.019,69641704.0,4.655,60.166,4.24,7.349,13.445,0,交易,4.538415767943473,8.19335964076745,1198796.8257793537,0.9586984926224544,0.9256668472545333,0.9860207476359822
2021-07-22,000657.SZ,59.45,60.298,58.305,59.111,48139860.0,-3.127,59.139,4.24,5.08,9.294,0,交易,6.360124811706477,11.702755905511811,825655.7756624647,0.9807787986334539,0.9669474941125742,1.000473685100912
2021-07-23,000657.SZ,59.111,64.03,58.517,61.485,54821342.00000001,4.017,60.772,4.24,5.785,10.584,0,交易,5.809240362811791,10.217977528089888,936844.7117931542,0.9491176011244729,0.9138997344994534,0.9884036756932585
2021-07-26,000657.SZ,60.722,63.478,58.856,63.012,39761583.0,2.483,60.458,4.24,4.196,7.676,0,交易,8.208963001563314,14.471401334604387,675573.9941552263,0.952424462018337,0.9271873720028987,0.9594680378340633
2021-07-27,000657.SZ,61.57,62.673,58.984,60.595,34007825.0,-3.836,60.984,4.24,3.588,6.566,0,交易,9.2286018885166,17.159977703455965,576560.1688593517,0.9730505959504092,0.9411389274488217,1.0064196715900653
2021-07-28,000657.SZ,58.517,60.553,54.531,59.874,38788677.0,-1.19,57.669,4.24,4.093,7.489,0,交易,7.994925891307251,14.296848277547033,711314.2432744678,0.9523723019503575,0.9005499314649976,0.963172662591442
2021-07-29,000657.SZ,59.874,62.249,59.874,62.079,29616165.000000004,3.683,61.481,4.24,3.125,5.718,0,交易,10.856768100734524,19.15968,494641.49714400247,0.9876624524088741,0.9618467766550467,0.9903671128723078
2021-07-30,000657.SZ,60.892,61.867,58.856,60.765,26463315.999999996,-2.117,60.252,4.24,2.792,5.109,0,交易,11.893716970052848,21.809455587392552,449628.17724616005,0.9738956147865584,0.9513310811902954,0.9915576400888669
2021-08-02,000657.SZ,60.595,62.461,57.796,58.941,26831809.999999996,-3.001,59.595,4.24,2.831,5.18,0,交易,11.37857142857143,21.40409749205228,464250.29413800256,0.9541153679896255,0.9253133955588287,1.011095841604316
2021-08-03,000657.SZ,59.238,59.323,54.574,55.252,30479118.0,-6.259,56.48,4.24,3.216,5.884,0,交易,9.390210740992522,18.419776119402982,558491.5527540587,0.9520759233349628,0.919946732296074,1.022225439803084
2021-08-04,000657.SZ,55.634,58.22,55.125,56.948,26483961.0,3.07,56.999,4.24,2.795,5.113,0,交易,11.137883825542733,19.904830053667265,480434.6666666667,0.9790278254895226,0.9468395740295431,1.0008955538385895
2021-08-05,000657.SZ,57.203,57.499,54.786,55.379,21356632.0,-2.755,55.597,4.24,2.254,4.123,0,交易,13.4317244724715,25.378438331854483,389819.15087796154,0.9669211638463278,0.9528165707229691,1.0039365102295095
2021-08-06,000657.SZ,56.227,58.729,54.701,57.669,32354536.0,4.135,56.915,4.24,3.414,6.246,0,交易,9.232949087415944,16.469537199765668,591479.7901318074,0.9691123635682541,0.9314137819475898,0.9869253845220136
2021-08-09,000657.SZ,56.821,56.821,53.895,55.167,24220348.0,-4.338,55.015,4.24,2.556,4.676,0,交易,11.797904191616766,22.230438184663537,449398.79395120137,0.9682159764875663,0.948504954154274,0.9972447296390958
2021-08-10,000657.SZ,55.125,57.754,54.658,56.058,19455445.0,1.614,56.428,4.24,2.053,3.756,0,交易,14.924920127795527,26.85094982951778,355948.7174796004,0.9770405513038057,0.9463933234061711,1.006600306825074
2021-08-11,000657.SZ,56.1,58.856,55.125,58.602,24000939.0,4.539,57.344,4.24,2.533,4.634,0,交易,12.646094087181698,22.14765100671141,435391.1836734694,0.9743101807802094,0.9366079923882017,0.9785331558649876
2021-08-12,000657.SZ,58.517,59.238,56.651,59.068,20416924.0,0.796,57.934,4.24,2.154,3.942,0,交易,14.98427194317605,27.166666666666668,360398.29835307406,0.9779871028731557,0.9563287079239677,0.9808017877700278
2021-08-13,000657.SZ,58.22,59.068,56.821,57.457,15723995.000000002,-2.728,57.768,4.24,1.659,3.036,0,交易,18.925230566534914,35.09342977697408,276728.58626212145,0.9779914674612312,0.9619590979887587,1.0054127434429225
2021-08-16,000657.SZ,56.397,56.906,54.574,55.337,13242704.0,-3.69,55.653,4.24,1.397,2.557,0,交易,21.64137661321862,40.37007874015748,242655.9167369077,0.9779812322075001,0.9590201384739746,1.0057104649691888
2021-08-17,000657.SZ,54.786,55.676,51.097,53.471,16986229.0,-3.372,53.736,4.24,1.792,3.279,0,交易,16.30710582494663,30.572544642857142,332431.0429183709,0.9651555427832459,0.9177563043322078,1.0049559574348712
2021-08-18,000657.SZ,54.107,56.609,53.641,54.489,18973407.0,1.903,55.033,4.24,2.002,3.663,0,交易,14.875511875511876,27.02647352647353,353710.91142968996,0.9721599039022063,0.9475701743539012,1.0099836664280866
2021-08-19,000657.SZ,55.125,56.1,53.386,55.252,11498233.0,1.401,54.863,4.24,1.213,2.22,0,交易,24.888288288288287,45.445177246496286,215379.18180796463,0.9779500891265597,0.9516221033868093,0.9929595308767103
2021-08-20,000657.SZ,54.998,56.185,53.598,53.895,16136367.000000002,-2.456,54.699,4.24,1.703,3.115,0,交易,17.301765650080256,32.294773928361714,301062.85682301584,0.9735516596956483,0.9539556821215627,1.0149178959087113
2021-08-23,000657.SZ,54.743,59.28,54.743,59.28,27626455.0,9.992,58.227,4.24,2.915,5.334,0,交易,11.11361079865017,18.779759862778732,504657.30778364354,0.9822368421052631,0.9234649122807018,0.9822368421052631
2021-08-24,000657.SZ,61.061,65.217,61.061,63.69,59146290.0,7.439,63.935,4.24,6.241,11.419,0,交易,5.57754619493826,9.783848742188752,968642.6688066032,0.980342548721959,0.9362742843123726,1.003846757732768
2021-08-25,000657.SZ,65.726,66.701,60.765,62.673,59354731.99999999,-1.598,63.317,4.24,6.263,11.459,0,交易,5.469325421066411,10.494331789877055,976791.4424421953,0.9492661279441089,0.9110058319965219,1.0102755572575113
2021-08-26,000657.SZ,63.266,64.114,60.298,61.316,35411385.0,-2.165,61.532,4.24,3.737,6.837,0,交易,8.968260933157818,16.92962269199893,587272.9609605626,0.9597279845275601,0.9404810181863555,1.0035227346858895
2021-08-27,000657.SZ,59.492,62.758,59.45,62.249,31976824.0,1.521,61.823,4.24,3.374,6.173,0,交易,10.084075814028836,17.632483698873738,537877.6114381833,0.9851015010038561,0.9472895885783486,0.9931565165705473
2021-08-30,000657.SZ,63.182,64.878,61.146,62.842,34891630.0,0.954,63.067,4.24,3.682,6.736,0,交易,9.329275534441805,17.159695817490494,570628.1686455369,0.9720860692376461,0.9424766484786831,1.0035804080073836
2021-08-31,000657.SZ,62.842,62.885,59.535,61.74,28384977.0,-1.754,60.992,4.24,2.995,5.48,0,交易,11.266423357664234,20.982303839732886,476777.9793398841,0.9698974318199889,0.946728154567862,0.987884677680596
2021-09-01,000657.SZ,61.782,62.588,56.397,58.39,40302661.0,-5.426,58.843,4.24,4.253,7.781,0,交易,7.504176841023005,14.526687044439218,714624.1998687873,0.9401642487377773,0.9010832747491532,1.007758177770166
2021-09-02,000657.SZ,57.287,58.984,55.464,57.924,24151318.0,-0.799,57.149,4.24,2.548,4.663,0,交易,12.422045893201801,22.483124018838303,435441.3313140055,0.9688898684388987,0.9403227994032279,0.9866203991437056
2021-09-03,000657.SZ,57.372,60.001,54.234,54.913,30859796.000000004,-5.198,56.41,4.24,3.256,5.958,0,交易,9.216683450822423,17.62039312039312,569011.9851015968,0.9401509974833753,0.9038849352510792,1.0272613042448964
2021-09-06,000657.SZ,55.125,55.549,52.793,54.489,25859842.0,-0.772,53.896,4.24,2.729,4.993,0,交易,10.913078309633486,20.19970685232686,489834.6750516167,0.9702424886136565,0.9503861455651766,0.9891170695002661
2021-09-07,000657.SZ,54.786,58.178,53.895,57.203,30893920.0,4.981,56.401,4.24,3.26,5.964,0,交易,9.591381623071763,16.80552147239264,573224.2323035531,0.9694558080374026,0.9263811062600984,0.9859797563064874
2021-09-08,000657.SZ,57.245,57.584,55.719,56.227,18578000.0,-1.705,56.514,4.24,1.96,3.587,0,交易,15.675216057987175,29.206632653061224,333423.06933003105,0.9814184495693248,0.967612531258683,1.0051043093175878
2021-09-09,000657.SZ,55.973,57.669,55.676,57.499,20054300.0,2.262,56.871,4.24,2.116,3.872,0,交易,14.84994834710744,26.45226843100189,360196.49400100583,0.9861624096134839,0.9654407047113701,0.9890780709229726
2021-09-10,000657.SZ,57.542,60.934,57.245,59.026,28658240.000000004,2.655,58.954,4.24,3.024,5.533,0,交易,10.667992047713717,19.028439153439155,500624.3340029698,0.9675058259756458,0.9394590868808875,0.9987801985565683
2021-09-13,000657.SZ,59.026,60.425,56.821,60.425,30805938.0,2.371,58.734,4.24,3.251,5.947,0,交易,10.16058516899277,18.156259612426947,542157.6177821581,0.9720148944973108,0.9403558129913115,0.9720148944973108
2021-09-14,000657.SZ,59.068,59.111,55.337,55.549,33180778.999999996,-8.07,57.262,4.24,3.501,6.406,0,交易,8.671401810802372,16.8717509283062,599612.8991452373,0.9687198660147858,0.9361540153270966,1.0308376388413834
2021-09-15,000657.SZ,55.082,57.457,54.87,57.033,21652506.0,2.672,56.84,4.24,2.285,4.18,0,交易,13.644258373205743,24.105908096280086,394614.6528157463,0.9892615347129158,0.9549750248011556,0.9966159942489436
2021-09-16,000657.SZ,57.033,58.729,54.277,54.574,25779722.0,-4.312,56.678,4.24,2.72,4.977,0,交易,10.96524010448061,20.968014705882354,474965.8603091549,0.9650768785438198,0.9241941800473361,1.0385531571810753
2021-09-17,000657.SZ,55.634,55.634,50.969,53.853,23859294.0,-1.321,53.121,4.24,2.518,4.606,0,交易,11.691923577941816,22.0945194598888,468113.83389903663,0.9548297803501457,0.9161483984613725,0.9864074424823129
2021-09-22,000657.SZ,52.581,53.005,51.605,52.581,13389935.0,-2.362,52.379,4.24,1.413,2.585,0,交易,20.340812379110254,37.21231422505308,259469.72192616996,0.9881897934157154,0.9735873974153381,0.9961583081341168
2021-09-23,000657.SZ,52.92,54.065,51.987,52.326,14472381.0,-0.484,52.818,4.24,1.527,2.794,0,交易,18.727988546886184,34.656188605108056,278384.6153846154,0.9769351706279479,0.9615647831314159,1.009402591445935
2021-09-24,000657.SZ,52.665,54.658,51.139,51.309,14869209.0,-1.945,52.498,4.24,1.569,2.871,0,交易,17.871473354231973,33.565965583174,290760.6523397016,0.9604815397563028,0.9356178418529767,1.0231733224190689
2021-09-27,000657.SZ,51.266,51.266,46.687,47.619,24476221.0,-7.19,48.453,4.24,2.583,4.725,0,交易,10.078095238095239,19.847464188927603,524262.02154775424,0.945129325478875,0.9106815433230601,1.0175140175140176
2021-09-28,000657.SZ,47.831,48.68,46.644,47.577,15196320.000000002,-0.089,47.477,4.24,1.604,2.934,0,交易,16.21574642126789,29.819825436408976,325793.67121173145,0.9752875924404272,0.9581758422350041,0.997898144061206
2021-09-29,000657.SZ,47.577,47.747,45.796,45.923,13145079.999999998,-3.476,46.558,4.24,1.387,2.538,0,交易,18.09416863672183,34.30209084354722,287035.5489562407,0.975097911910696,0.9591387940603598,1.0138274938483984
2021-09-30,000657.SZ,45.966,46.856,45.966,46.602,9147837.0,1.477,46.395,4.24,0.965,1.766,0,交易,26.388448471121176,47.63316062176166,199013.11839185483,0.9901613453986683,0.981005634283763,0.995558130552337
2021-10-08,000657.SZ,47.577,47.874,46.305,46.856,10427880.0,0.546,46.801,4.24,1.1,2.013,0,交易,23.27670144063587,43.25181818181818,225199.8704243602,0.9775869992062497,0.9672264694823912,0.9988261908827044
2021-10-11,000657.SZ,46.814,46.814,45.202,46.22,8789065.0,-1.357,46.141,4.24,0.927,1.697,0,交易,27.23629935179729,50.50053937432578,194439.7371797708,0.9856239586448498,0.9655658563677532,0.9982907832107313
2021-10-12,000657.SZ,50.842,50.842,50.842,50.842,6725787.0,10.0,50.842,4.24,0.71,1.298,0,交易,39.16949152542372,71.60845070422535,132288.00991306402,1.0,1.0,1.0
2021-10-13,000657.SZ,55.125,55.931,51.945,54.107,67198561.0,6.422,54.372,4.24,7.091,12.973,0,交易,4.170739227626608,7.773938795656465,1293648.301087689,0.9721263699915969,0.9287336182081494,1.004897702700205
2021-10-14,000657.SZ,53.132,56.482,53.132,55.21,40129781.0,2.038,54.793,4.24,4.234,7.747,0,交易,7.126629663095392,12.548889938592348,755284.5930889107,0.9700966679650154,0.9406890690839559,0.9924470204673066
2021-10-15,000657.SZ,54.913,58.517,54.616,57.415,36425953.0,3.994,57.216,4.24,3.844,7.032,0,交易,8.164817974971559,14.285379812695108,666946.5541233338,0.9777671445904609,0.9333356118734726,0.99653400679265
2021-10-18,000657.SZ,57.457,60.849,56.227,60.637,40287922.0,5.613,59.611,4.24,4.251,7.778,0,交易,7.7959629724865005,13.516113855563397,716522.7026161809,0.9796545547174152,0.9240414797285083,0.9830796378448802
2021-10-19,000657.SZ,60.001,62.715,59.408,62.503,33248213.0,3.077,61.87,4.24,3.508,6.419,0,交易,9.737186477644494,17.104047890535917,559658.8506598438,0.9865263493582077,0.9472693932870924,0.9898724861206661
2021-10-20,000657.SZ,62.758,63.945,61.316,62.121,32547734.000000004,-0.611,62.56,4.24,3.434,6.284,0,交易,9.885582431572248,18.275480489225394,530819.5903190032,0.9783407615919931,0.9588865431229964,1.0070668533990117
2021-10-21,000657.SZ,62.418,65.005,61.273,63.563,25400467.0,2.321,63.682,4.24,2.68,4.904,0,交易,12.961460032626428,23.290298507462683,414545.8358493953,0.9796477194061997,0.9425890316129529,1.0018721583311045
2021-10-22,000657.SZ,63.224,64.03,60.256,60.765,30405275.0,-4.403,61.533,4.24,3.208,5.87,0,交易,10.351788756388416,19.708229426433913,504601.6164365374,0.9610026550054662,0.9410588786506325,1.0126388546038017
2021-10-25,000657.SZ,61.528,61.909,58.856,59.874,23420459.0,-1.465,59.783,4.24,2.471,4.522,0,交易,13.240601503759398,24.900040469445567,397928.146663042,0.9656592740958504,0.9506856838262612,0.9984801416307579
2021-10-26,000657.SZ,59.196,62.758,58.687,59.153,34150251.0,-1.204,59.985,4.24,3.604,6.593,0,交易,8.972091612316092,16.425083240843506,581904.8681990901,0.9558143981643774,0.935131776028554,1.0140652206988656
2021-10-27,000657.SZ,60.383,63.097,58.348,59.408,36205658.0,0.43,60.22,4.24,3.82,6.99,0,交易,8.498998569384835,15.807068062827227,620512.4083087681,0.9544035374106534,0.9247349319302026,1.0136681928359816
2021-10-28,000657.SZ,59.026,60.086,56.227,57.499,22018215.0,-3.212,57.808,4.24,2.323,4.251,0,交易,13.525993883792049,25.40938441670254,391595.05219912145,0.9620876743334554,0.9357753886096595,1.005374006504461
2021-10-29,000657.SZ,57.627,57.966,55.125,56.312,26084821.0,-2.065,56.217,4.24,2.752,5.036,0,交易,11.181890389197777,20.940043604651166,473194.0317460318,0.9698271400476141,0.9509885105061587,0.9983129705924138
2021-11-01,000657.SZ,56.821,59.577,56.482,58.856,26432015.000000004,4.518,58.38,4.24,2.789,5.103,0,交易,11.53360768175583,20.373252061670847,467972.36287666875,0.9799083538949596,0.9480504221427732,0.9919124643196956
2021-11-02,000657.SZ,59.153,59.62,56.906,57.839,19823345.0,-1.729,58.453,4.24,2.092,3.827,0,交易,15.113404755683302,28.275812619502865,348352.45844023477,0.9804260315330426,0.9544783629654479,1.0106156745448573
2021-11-03,000657.SZ,57.499,58.517,56.015,56.651,12651180.0,-2.053,56.906,4.24,1.335,2.442,0,交易,23.1986076986077,43.07041198501873,225853.4321163974,0.9724695387665122,0.9572431942854213,1.004501244461704
2021-11-04,000657.SZ,57.457,59.832,56.948,59.45,18713161.0,4.94,58.638,4.24,1.975,3.613,0,交易,16.45446996955439,29.092151898734176,328600.8463861769,0.9800441235459285,0.9517983687658778,0.986341463414634
2021-11-05,000657.SZ,59.789,60.129,55.549,56.227,19382834.0,-5.421,57.892,4.24,2.045,3.742,0,交易,15.02592196686264,29.236674816625918,348932.18599794776,0.9627966538608659,0.9238304312395018,1.0296121080619631
2021-11-08,000657.SZ,54.701,57.881,53.598,57.33,17314000.0,1.961,56.03,4.24,1.827,3.343,0,交易,17.149267125336525,29.94033935413246,323034.44158364116,0.9680205939772982,0.9260033517043589,0.9773242630385488
2021-11-09,000657.SZ,57.881,58.093,56.27,57.584,10964402.0,0.444,57.351,4.24,1.157,2.117,0,交易,27.20075578649032,50.026793431287814,194853.42100586457,0.9872273767923846,0.9686192828740123,0.9959537371492081
2021-11-10,000657.SZ,57.712,57.712,55.125,57.457,13587107.0,-0.221,56.478,4.24,1.434,2.623,0,交易,21.905070529927563,40.24546722454673,246478.13151927438,0.9786179650679234,0.955173967285833,0.9829611709626329
2021-11-11,000657.SZ,57.245,61.74,56.863,61.061,30893759.000000004,6.273,60.386,4.24,3.26,5.964,0,交易,10.238262910798122,17.559815950920246,543301.6020962666,0.9780693229672822,0.9210074505992873,0.9889454807487594
2021-11-12,000657.SZ,61.146,64.454,60.171,63.69,31062494.0,4.306,62.752,4.24,3.278,5.997,0,交易,10.620310155077538,18.653447223917023,516236.95800302475,0.9735935706084962,0.9335495081763739,0.9852724132516879
2021-11-15,000657.SZ,64.835,67.634,62.291,62.673,40411897.0,-1.598,64.236,4.24,4.264,7.802,0,交易,8.032940271725199,15.205206378986864,648759.8047872084,0.9497589969541947,0.9210012715498122,1.0249389689339907
2021-11-16,000657.SZ,61.909,62.334,59.704,60.637,26324590.000000004,-3.248,60.83,4.24,2.778,5.082,0,交易,11.931719795356159,22.285457163426926,440918.36392871506,0.975871915808387,0.9578079378830172,1.0031828751422398
2021-11-17,000657.SZ,60.001,61.443,59.662,60.68,16313456.0,0.07,60.491,4.24,1.721,3.149,0,交易,19.269609399809465,34.86403253922138,273431.2627803292,0.984505964878017,0.9710137851341895,0.9968852999340804
2021-11-18,000657.SZ,60.807,66.744,60.213,66.744,29563088.0,9.993,64.372,4.24,3.119,5.707,0,交易,11.695111266865254,19.495671689644116,490975.1714745985,0.9644612249790243,0.9021485077310321,0.9644612249790243
2021-11-19,000657.SZ,68.609,69.881,65.09,65.768,51282930.0,-1.461,66.99,4.24,5.411,9.901,0,交易,6.642561357438643,12.67954167436703,787877.246888923,0.9586296704397474,0.9314405918633105,1.018580464663666
2021-11-22,000657.SZ,65.853,72.341,64.454,72.341,50877830.0,9.994,69.199,4.24,5.369,9.822,0,交易,7.365200570148646,12.265412553548146,789366.52496354,0.9565668154988182,0.8909746893186437,0.9565668154988182
2021-11-23,000657.SZ,72.85,75.563,70.475,72.468,47066418.0,0.176,72.632,4.24,4.966,9.087,0,交易,7.974909210960714,14.669754329440192,667845.590634977,0.9612111747813084,0.9326654579622301,1.0022630678368383
2021-11-24,000657.SZ,72.468,76.666,72.129,73.231,41703944.0,1.053,74.119,4.24,4.401,8.051,0,交易,9.095888709477082,16.46625766871166,578185.5287055137,0.9667779719823651,0.9408212245323874,1.0121260122079447
2021-11-25,000657.SZ,73.825,78.829,72.765,77.26,41815959.0,5.501,76.494,4.24,4.412,8.073,0,交易,9.570172178867832,16.732774252039892,574671.3254998969,0.9703789214629135,0.9230739956107524,0.9900854258348433
2021-11-26,000657.SZ,75.776,84.977,75.563,81.458,55920414.0,5.434,81.751,4.24,5.901,10.796,0,交易,7.545201926639496,12.84121335366887,740050.2097587443,0.9620367864245619,0.88921708226932,1.003596945665251
2021-11-29,000657.SZ,82.73,89.599,82.73,88.242,70175933.0,8.329,87.078,4.24,7.405,13.548,0,交易,6.513286093888397,11.172180958811614,848252.5444216124,0.9718635252625587,0.9233361979486379,0.9868090025158088
2021-11-30,000657.SZ,85.698,88.157,79.422,79.422,61385063.0,-9.995,82.398,4.24,6.477,11.851,0,交易,6.7017129356172465,13.23112552107457,772897.4717332729,0.9346733668341708,0.900915412275826,1.0374707259953162
2021-12-01,000657.SZ,79.422,80.101,76.327,77.556,43989990.0,-2.349,77.586,4.24,4.642,8.493,0,交易,9.131755563405157,17.10943558810857,576335.8968648054,0.9686021397985044,0.9528844833397835,1.0003868172675228
2021-12-02,000657.SZ,77.048,77.472,74.97,76.157,32070261.0,-1.804,76.114,4.24,3.384,6.191,0,交易,12.30124374091423,22.768321513002366,427774.5898359344,0.9824710863279638,0.9677044609665428,0.9994353769187337
2021-12-03,000657.SZ,76.284,76.284,72.51,75.012,28151763.0,-1.503,74.514,4.24,2.971,5.435,0,交易,13.801655933762651,25.67620329855268,388246.62805130327,0.9767972313984583,0.9505269781343401,0.9933610622300432
2021-12-06,000657.SZ,75.351,77.217,74.631,74.758,27584028.999999996,-0.339,75.728,4.24,2.911,5.325,0,交易,14.039061032863849,25.884919271727927,369605.51245460997,0.9807166815597601,0.9665099654221221,1.0129751999785976
2021-12-07,000657.SZ,75.436,76.666,72.341,73.401,19905478.0,-1.815,73.968,4.24,2.1,3.843,0,交易,19.09992193598751,35.92190476190476,275161.7754800183,0.9648083896381708,0.9435864659692692,1.0077246903993136
2021-12-08,000657.SZ,73.571,75.648,72.638,74.673,20737756.0,1.733,74.308,4.24,2.188,4.004,0,交易,18.649600399600402,33.624771480804384,285494.5896087447,0.9822863790186127,0.9602104483925551,0.9951120217481554
2021-12-09,000657.SZ,74.8,74.8,72.468,72.595,21044490.0,-2.783,73.298,4.24,2.221,4.063,0,交易,17.867339404381,33.678523187753264,290397.0028150356,0.9799197860962567,0.9688235294117648,1.0096838625249673
2021-12-10,000657.SZ,72.341,73.655,71.026,71.874,20127360.0,-0.993,72.46,4.24,2.124,3.886,0,交易,18.49562532166752,34.05885122410546,283380.1706417368,0.9837757110854659,0.9643065643880252,1.0081531569134874
2021-12-13,000657.SZ,72.044,72.722,69.881,71.62,22606429.0,-0.354,71.058,4.24,2.385,4.364,0,交易,16.411549037580205,30.207127882599583,323498.933901919,0.9771183410797285,0.9609334176727814,0.9921530298799218
2021-12-14,000657.SZ,72.086,72.426,69.457,69.924,24165692.0,-2.368,70.43,4.24,2.55,4.665,0,交易,14.989067524115757,28.269019607843138,347923.06031069584,0.9724408361638086,0.9590064341534806,1.007236428121961
2021-12-15,000657.SZ,69.839,71.45,68.652,68.948,22210783.0,-1.395,69.926,4.24,2.344,4.288,0,交易,16.079291044776117,29.794795221843003,323527.10773174855,0.9786703988803359,0.9608397480755773,1.014184602889134
2021-12-16,000657.SZ,69.754,70.136,68.312,69.966,17895825.0,1.476,69.507,4.24,1.888,3.455,0,交易,20.2506512301013,36.94597457627119,261971.90830307998,0.9910317098209195,0.9739933842819665,0.993439670697196
2021-12-17,000657.SZ,70.009,70.305,67.846,68.567,25275725.0,-2.0,68.656,4.24,2.667,4.88,0,交易,14.05061475409836,26.250093738282718,372545.54432096216,0.9765450536946163,0.9650238247635303,1.0012980004958656
2021-12-20,000657.SZ,67.973,69.203,66.616,68.228,26042015.0,-0.495,68.12,4.24,2.748,5.028,0,交易,13.569610182975339,24.735443959243085,390927.3297706257,0.9843503894339841,0.9626172275768391,0.9984170721697838
2021-12-21,000657.SZ,68.228,70.56,67.422,70.051,33695982.0,2.672,69.482,4.24,3.556,6.505,0,交易,10.76879323597233,19.1867266591676,499777.2537154045,0.9847222222222222,0.9555272108843537,0.9918773465046894
2021-12-22,000657.SZ,70.221,72.298,69.033,71.662,33714081.0,2.3,71.037,4.24,3.557,6.509,0,交易,11.009678906129974,19.74163621028957,488376.29829212115,0.9825583003679217,0.954839691277767,0.9912785018559348
2021-12-23,000657.SZ,72.426,72.722,70.475,70.772,22374424.0,-1.243,71.332,4.24,2.361,4.32,0,交易,16.382407407407406,30.67598475222363,317480.2979780064,0.9808861142432826,0.9691015098594649,1.0079127338495448
2021-12-24,000657.SZ,70.772,71.366,65.302,67.507,32059878.000000004,-4.614,67.829,4.24,3.383,6.189,0,交易,10.907577960898369,20.919893585574936,490947.87295948056,0.9504385841997589,0.9150295658997283,1.0047698757165922
2021-12-27,000657.SZ,67.507,68.228,66.15,66.659,15771329.999999998,-1.256,67.263,4.24,1.664,3.045,0,交易,21.89129720853859,40.56911057692308,238417.68707482988,0.9858562467022338,0.9695432960075044,1.0090610420198323
2021-12-28,000657.SZ,66.998,68.609,66.574,68.27,15021222.0,2.417,67.649,4.24,1.585,2.9,0,交易,23.541379310344826,42.270031545741325,225631.95842220687,0.9860076666326576,0.9703391683306856,0.9909037644646258
2021-12-29,000657.SZ,68.1,69.966,67.337,68.228,14292820.000000002,-0.062,68.623,4.24,1.508,2.759,0,交易,24.729249728162376,45.159151193633946,212258.0453539659,0.9808049624103138,0.9624246062373154,1.0057894119716246
2021-12-30,000657.SZ,68.736,69.076,66.701,66.828,13188537.0,-2.051,67.573,4.24,1.392,2.546,0,交易,26.248232521602517,49.379310344827594,197726.2259936133,0.9782413573455324,0.9656175806358214,1.0111480217872746
2021-12-31,000657.SZ,66.744,69.33,66.744,68.185,14042854.999999998,2.03,68.152,4.24,1.482,2.711,0,交易,25.15123570638141,45.036437246963565,210398.7624355747,0.983008798499928,0.9627001298139334,0.9995160225856127
2022-01-04,000657.SZ,68.185,68.652,64.454,64.539,26415821.999999996,-5.348,65.482,4.24,2.787,5.1,0,交易,12.654705882352943,24.465374955148906,409839.91683991684,0.9538250888539299,0.9388510167220182,1.0146113202869582
2022-01-05,000657.SZ,64.539,64.878,62.164,63.563,17483580.0,-1.511,63.523,4.24,1.845,3.375,0,交易,18.83348148148148,34.98048780487805,281249.2761083585,0.9791146459508616,0.9581676377200283,0.9993707030819816
2022-01-06,000657.SZ,63.436,64.963,63.139,64.496,11769442.0,1.468,64.137,4.24,1.242,2.272,0,交易,28.387323943661972,51.07568438003221,186405.26457498534,0.9872850699629021,0.9719224789495561,0.9944337633341603
2022-01-07,000657.SZ,64.03,64.708,63.224,63.266,10414862.0,-1.907,63.878,4.24,1.099,2.011,0,交易,31.459970164097463,58.26205641492266,164729.56472225738,0.9871731470606416,0.9770662051060147,1.009673442291278
2022-01-10,000657.SZ,63.224,64.878,62.63,64.114,13009677.0,1.34,63.799,4.24,1.373,2.512,0,交易,25.523089171974522,46.04806991988347,207722.76864122623,0.9833687844878078,0.9653503498874811,0.9950868765012321
2022-01-11,000657.SZ,64.114,64.411,62.885,63.097,12816223.0,-1.587,63.512,4.24,1.352,2.474,0,交易,25.50404203718674,47.421597633136095,203804.13453128727,0.986042756671997,0.9763083945288847,1.0065771748260615
2022-01-12,000657.SZ,63.648,64.539,61.909,64.496,17970862.0,2.218,63.476,4.24,1.896,3.469,0,交易,18.592101470164312,33.56962025316456,290278.66707586945,0.9835293388493779,0.9592494460713676,0.9841850657405111
2022-01-13,000657.SZ,64.496,64.666,62.673,62.97,11559551.0,-2.367,63.581,4.24,1.22,2.232,0,交易,28.212365591397845,52.8655737704918,184442.27976959775,0.9832214765100672,0.969180094640151,1.0097030331904082
2022-01-14,000657.SZ,62.97,64.454,62.376,63.818,9298473.0,1.347,63.673,4.24,0.981,1.795,0,交易,35.55320334261838,64.18960244648318,149071.32550981146,0.9878828311664134,0.9677599528345797,0.9977279137547401
2022-01-17,000657.SZ,63.818,65.726,62.758,64.878,14117365.0,1.661,64.57,4.24,1.49,2.726,0,交易,23.799706529713866,42.830872483221476,224949.24949807196,0.9824118309344855,0.9548428323646655,0.9952526280094947
2022-01-18,000657.SZ,65.005,69.373,64.454,67.252,25443200.0,3.66,67.771,4.24,2.685,4.912,0,交易,13.691368078175895,24.21042830540037,394749.7440034754,0.9769074423767171,0.9290934513427412,1.0077172426098853
2022-01-19,000657.SZ,66.659,67.168,63.521,63.945,19408728.0,-4.918,64.592,4.24,2.048,3.747,0,交易,17.065652522017615,32.54833984375,305548.2124021977,0.9616484040019055,0.945703311100524,1.0101180702165924
2022-01-20,000657.SZ,63.394,64.454,60.256,60.468,21181456.0,-5.438,61.905,4.24,2.235,4.089,0,交易,14.787967718268524,28.36420581655481,351524.429102496,0.9604524156762964,0.9348682781518604,1.0237646358404444
2022-01-21,000657.SZ,60.553,61.655,59.068,59.662,15771415.0,-1.332,60.099,4.24,1.664,3.045,0,交易,19.59343185550082,36.39002403846154,267004.38477686734,0.9747627929608303,0.9580407104046711,1.0073245952197378
2022-01-24,000657.SZ,59.662,62.079,59.408,61.613,10925767.0,3.269,61.193,4.24,1.153,2.109,0,交易,29.214319582740636,51.74501300954033,183910.70226232157,0.9857278628843892,0.9569741780634353,0.9931832567802249
2022-01-25,000657.SZ,61.613,64.03,59.789,59.916,13153474.0,-2.753,61.531,4.24,1.388,2.539,0,交易,23.598267034265458,44.38976945244957,219998.2270986302,0.9609714196470404,0.9337654224582227,1.0269544028306297
2022-01-26,000657.SZ,60.044,60.765,58.856,60.298,8384028.0,0.637,59.973,4.24,0.885,1.619,0,交易,37.243977764051884,67.84632768361581,142449.84368628517,0.9869661811898296,0.9685838887517486,0.9946101031543334
2022-01-27,000657.SZ,60.298,60.892,57.839,58.093,10938400.0,-3.657,59.228,4.24,1.154,2.112,0,交易,27.506155303030305,52.25129982668978,189118.06912291015,0.9726729291204099,0.9498620508441173,1.0195376379253955
2022-01-28,000657.SZ,56.821,57.245,54.616,55.676,28731321.999999996,-4.161,55.695,4.24,3.032,5.547,0,交易,10.037137191274564,18.74043535620053,526060.5317123187,0.9729233994235305,0.9540745916673946,1.000341260147999
2022-02-07,000657.SZ,56.397,57.118,54.743,55.337,23235140.0,-0.609,55.451,4.24,2.452,4.486,0,交易,12.335488185465895,23.000407830342578,424440.385072064,0.9708148044399313,0.9584194124444133,1.0020601044509099
2022-02-08,000657.SZ,55.761,55.846,53.429,54.87,17421708.0,-0.843,54.522,4.24,1.838,3.363,0,交易,16.31578947368421,30.33786724700762,326072.1331112317,0.9762919457078395,0.9567202664470151,0.9936577364680154
2022-02-09,000657.SZ,55.167,56.651,54.574,56.312,16411439.000000002,2.628,55.791,4.24,1.732,3.168,0,交易,17.775252525252522,31.85161662817552,300719.0053871808,0.9848193324036645,0.9633369225609433,0.9907479755647108
2022-02-10,000657.SZ,56.27,56.736,55.21,55.464,11692951.0,-1.506,55.827,4.24,1.234,2.257,0,交易,24.574213557820112,45.599675850891416,211790.4546277848,0.9839784263959391,0.9731034968979132,1.00654478580701
2022-02-11,000657.SZ,55.125,55.634,53.938,54.234,11639870.0,-2.217,54.632,4.24,1.228,2.247,0,交易,24.136181575433913,44.89006514657981,215800.91957432608,0.981989430923536,0.9695150447568034,1.0073385699008002
2022-02-14,000657.SZ,54.234,55.125,53.302,53.641,9740292.0,-1.095,54.047,4.24,1.028,1.88,0,交易,28.532446808510638,52.7568093385214,182737.83347716785,0.9804444444444443,0.9669297052154195,1.0075688372699987
2022-02-15,000657.SZ,53.938,56.567,53.853,56.1,19145834.0,4.585,55.299,4.24,2.02,3.696,0,交易,15.178571428571429,26.701980198019804,355520.28670640447,0.977584103806106,0.9520214966323122,0.9857219251336898
2022-02-16,000657.SZ,56.482,57.457,55.719,57.245,18490726.0,2.041,56.693,4.24,1.951,3.57,0,交易,16.035014005602243,28.950281906714505,331856.74545487174,0.9867030997093478,0.9697512922707416,0.9903572364398637
2022-02-17,000657.SZ,57.542,59.365,56.397,58.008,18950455.0,1.333,57.663,4.24,2.0,3.659,0,交易,15.853511888494126,28.771,336018.84852031135,0.9713299081950644,0.9500042112355764,0.9940525444766238
2022-02-18,000657.SZ,57.839,57.966,56.312,57.033,12100100.0,-1.681,56.97,4.24,1.277,2.336,0,交易,24.41481164383562,45.29287392325764,214876.04773405314,0.9828175137149363,0.9714660318117516,0.9988953763610541
2022-02-21,000657.SZ,56.736,58.178,55.931,58.136,12246540.0,1.933,57.154,4.24,1.292,2.364,0,交易,24.5922165820643,43.91331269349845,218958.00182367562,0.9823988449241983,0.9613771528756575,0.9831085730012384
2022-02-22,000657.SZ,57.881,57.966,56.948,57.796,8133988.0,-0.584,57.434,4.24,0.858,1.57,0,交易,36.812738853503184,67.46037296037296,142831.84659689543,0.9908222061208294,0.9824379808853466,0.9937365907675272
2022-02-23,000657.SZ,57.796,61.231,57.245,61.146,20145472.0,5.796,59.875,4.24,2.126,3.889,0,交易,15.722807919773722,27.18532455315146,351916.7088828719,0.9778543548202707,0.9349022553935098,0.9792136852778596
2022-02-24,000657.SZ,60.213,62.546,58.008,58.899,25141677.0,-3.675,60.481,4.24,2.653,4.854,0,交易,12.134116192830655,22.69619298906898,433417.4079437319,0.9669842995555271,0.9274454001854635,1.026859539211192
2022-02-25,000657.SZ,60.637,61.485,59.492,61.273,18257585.0,4.032,60.761,4.24,1.927,3.525,0,交易,17.38241134751773,31.467047223663727,306891.4307806092,0.9882247702691714,0.9675855899812962,0.9916439541070292
2022-02-28,000657.SZ,61.273,62.164,60.468,61.697,16316564.000000002,0.692,61.306,4.24,1.722,3.15,0,交易,19.586349206349208,35.58246225319396,269837.9969570682,0.9861977993694099,0.9727173283572486,0.9936625767865536
2022-03-01,000657.SZ,61.528,61.825,60.001,60.765,15197910.0,-1.512,60.663,4.24,1.604,2.934,0,交易,20.710633946830264,38.35910224438902,253294.27842869287,0.9812050141528507,0.9704973716134249,0.9983214021229325
2022-03-02,000657.SZ,60.425,61.019,60.129,60.341,10314173.0,-0.698,60.549,4.24,1.088,1.991,0,交易,30.306880964339527,55.537683823529406,171534.08505047482,0.9922974811124404,0.9854143791278126,1.0034470757859497
2022-03-03,000657.SZ,60.765,60.807,58.729,58.899,17051353.0,-2.389,59.456,4.24,1.799,3.292,0,交易,17.891555285540704,33.777098387993334,290339.5766997565,0.9777821632377851,0.9658263028927591,1.0094568668398445
2022-03-04,000657.SZ,58.56,59.238,56.948,57.16,24205147.0,-2.952,57.687,4.24,2.554,4.673,0,交易,12.231970896640274,22.928739232576355,425039.4570485355,0.9738174820216753,0.9613423815793917,1.0092197340797762
2022-03-07,000657.SZ,56.863,58.729,56.27,56.821,15070978.0,-0.593,57.342,4.24,1.59,2.91,0,交易,19.526116838487972,35.76289308176101,267833.2681713168,0.9763830475574248,0.958129714451123,1.0091691452103977
2022-03-08,000657.SZ,56.779,57.203,52.157,52.708,26347739.0,-7.239,53.797,4.24,2.78,5.087,0,交易,10.361313151169648,20.424100719424462,505162.0875433787,0.9404576683041098,0.911787843294932,1.0206610002276695
2022-03-09,000657.SZ,52.75,53.005,48.34,51.054,17731193.0,-3.138,50.985,4.24,1.871,3.423,0,交易,14.91498685363716,28.193479422768572,366801.67563094746,0.9618903876992736,0.9119894349589661,0.998648489834293
2022-03-10,000657.SZ,52.581,54.192,51.563,53.259,17100954.0,4.319,52.967,4.24,1.804,3.302,0,交易,16.12931556632344,29.14689578713969,331651.64943855087,0.9773951874815471,0.9514873043991734,0.9945173585685049
2022-03-11,000657.SZ,52.793,53.386,51.097,53.089,12407017.0,-0.318,52.189,4.24,1.309,2.395,0,交易,22.16659707724426,40.33078686019863,242813.02229093685,0.9775783913385532,0.9571235904544262,0.9830473356062461
2022-03-14,000657.SZ,52.369,52.369,49.612,49.697,17939222.0,-6.39,50.708,4.24,1.893,3.463,0,交易,14.350851862546925,27.664553618594823,361590.38135934854,0.9682827627031259,0.9473543508564227,1.0203432802784875
2022-03-15,000657.SZ,49.231,49.485,46.22,46.559,17061320.0,-6.314,47.93,4.24,1.8,3.294,0,交易,14.134486945962355,27.350555555555555,369132.84292514063,0.9685763362635142,0.9340204102253208,1.0294465087308577
2022-03-16,000657.SZ,47.407,48.34,45.033,48.043,18304857.0,3.188,46.818,4.24,1.932,3.534,0,交易,13.594510469722694,24.537784679089025,406476.5172207048,0.9685146876292924,0.9315887463798096,0.9745020086172803
2022-03-17,000657.SZ,48.976,50.503,48.68,49.188,13720441.0,2.383,49.525,4.24,1.448,2.649,0,交易,18.568516421291054,33.8232044198895,281849.65078060806,0.9806348137734392,0.9639031344672594,1.0068512645360657
2022-03-18,000657.SZ,48.68,49.485,48.255,49.146,8469019.0,-0.086,48.92,4.24,0.894,1.635,0,交易,30.058715596330277,54.45190156599553,175505.52274375712,0.9885823987066789,0.9751439830251593,0.9954014568835714
2022-03-21,000657.SZ,49.528,50.418,49.019,49.443,10225667.0,0.604,49.627,4.24,1.079,1.974,0,交易,25.04711246200608,45.9017608897127,208606.19351679963,0.9843111587131581,0.9722519735015273,1.003721457031329
2022-03-22,000657.SZ,49.824,50.969,49.358,49.655,11715029.0,0.429,49.984,4.24,1.236,2.262,0,交易,21.951812555260833,40.310679611650485,237348.12998905953,0.9806745276540643,0.9683925523357334,1.0066257174504079
2022-03-23,000657.SZ,49.824,50.672,49.316,50.206,9715677.0,1.11,50.083,4.24,1.025,1.876,0,交易,26.76226012793177,48.60878048780488,197008.61789277312,0.9883762235554152,0.973239658983265,0.9975500936143089
2022-03-24,000657.SZ,49.612,51.097,49.4,50.969,15469198.000000002,1.52,50.539,4.24,1.632,2.986,0,交易,17.06932350971199,30.39950980392157,313141.6599190284,0.9890795937139166,0.9667886568683093,0.9915634993819773
2022-03-25,000657.SZ,50.503,51.012,49.528,49.655,10814977.0,-2.579,50.11,4.24,1.141,2.088,0,交易,23.781130268199234,44.26205083260298,218360.86658052012,0.9823178859876107,0.9709088057711911,1.0091632262612023
2022-03-28,000657.SZ,49.612,49.824,47.747,49.104,9718027.0,-1.11,48.739,4.24,1.025,1.876,0,交易,26.174840085287848,48.4019512195122,203531.67738287224,0.9782233461785484,0.95831326268465,0.9925667970022808
2022-03-29,000657.SZ,49.485,49.782,48.552,49.061,9249784.0,-0.086,49.068,4.24,0.976,1.786,0,交易,27.46976483762598,50.70184426229508,190512.93458559894,0.9856574665541762,0.975292274316018,1.0001426795214121
2022-03-30,000657.SZ,49.104,49.994,48.637,49.612,9678932.0,1.124,49.428,4.24,1.021,1.869,0,交易,26.54467629748529,48.09402546523017,199003.4747208915,0.9886786414369724,0.9728567428091371,0.9962912198661613
2022-03-31,000657.SZ,49.4,49.952,47.916,48.171,11038989.0,-2.906,48.676,4.24,1.165,2.131,0,交易,22.604880337869545,42.403433476394845,230382.10618582522,0.974455477258168,0.9592408712363869,1.010483485914762
2022-04-01,000657.SZ,48.086,48.764,46.983,48.722,7697587.0,1.144,48.21,4.24,0.812,1.486,0,交易,32.78734858681023,59.21921182266009,163837.70725581594,0.9886391600360922,0.963477155278484,0.9894914001888264
2022-04-06,000657.SZ,48.383,48.595,46.983,47.831,9181837.0,-1.828,47.482,4.24,0.969,1.773,0,交易,26.977439368302317,49.93085655314758,195428.92109912098,0.9770964090955859,0.966827862948863,0.9927034768246534
2022-04-07,000657.SZ,47.916,48.34,46.602,46.983,9026046.0,-1.773,47.34,4.24,0.952,1.743,0,交易,26.955249569707398,50.331932773109244,193683.66164542295,0.9793131981795614,0.9640463384360777,1.0075984930719624
2022-04-08,000657.SZ,47.407,47.407,45.372,46.432,9875780.0,-1.173,46.163,4.24,1.042,1.907,0,交易,24.348190875721027,45.496161228406905,217662.4349819272,0.9737591494926909,0.9570738498533973,0.9942065816678152
2022-04-11,000657.SZ,46.432,46.432,43.252,43.803,15904763.0,-5.662,44.114,4.24,1.678,3.071,0,交易,14.263432106805599,27.67103694874851,367723.1804309627,0.950077532736044,0.931512749827705,1.0070999703216674
2022-04-12,000657.SZ,43.803,44.439,42.531,44.1,13000700.0,0.678,43.34,4.24,1.372,2.51,0,交易,17.56972111553785,31.92638483965014,305675.85996096965,0.9752694705101376,0.9570647404307028,0.9827664399092971
2022-04-13,000657.SZ,43.888,46.517,43.082,45.457,16298728.0,3.077,45.054,4.24,1.72,3.147,0,交易,14.444550365427393,25.516279069767442,378318.74100552435,0.9685491325751876,0.9261560289786529,0.9911344787381482
2022-04-14,000657.SZ,45.711,46.559,45.075,46.22,10074215.0,1.679,45.833,4.24,1.063,1.945,0,交易,23.763496143958868,43.001881467544685,223498.94620077647,0.9844068815910995,0.9681264631972337,0.9916270012981393
2022-04-15,000657.SZ,45.711,46.432,45.414,45.796,7556000.0,-0.917,45.922,4.24,0.797,1.459,0,交易,31.38862234407128,57.35382685069008,166380.4113269036,0.9890161957270847,0.9780754651964163,1.0027513319940606
2022-04-18,000657.SZ,45.414,45.966,43.803,45.754,7095763.0,-0.093,45.184,4.24,0.749,1.37,0,交易,33.3970802919708,60.6328437917223,161992.62607583957,0.9829874254884043,0.9529434799634512,0.9875420728242339
2022-04-19,000657.SZ,45.966,47.195,45.838,47.195,9105084.0,3.151,46.625,4.24,0.961,1.758,0,交易,26.84584755403868,47.83142559833507,198636.15340983463,0.987922449412014,0.9712469541264964,0.987922449412014
2022-04-20,000657.SZ,46.729,47.577,46.135,46.347,9910391.0,-1.797,46.842,4.24,1.046,1.913,0,交易,24.22739153162572,44.67399617590822,214812.8535818793,0.9845513588498644,0.9696912373625912,1.0106803029322287
2022-04-21,000657.SZ,46.093,46.475,43.337,43.464,12383500.0,-6.221,44.453,4.24,1.307,2.391,0,交易,18.178168130489333,35.266258607498095,285748.89817015483,0.9564927380311996,0.9324798278644433,1.0227544634640162
2022-04-22,000657.SZ,42.997,44.27,41.471,43.167,10844636.0,-0.683,42.74,4.24,1.144,2.094,0,交易,20.61461318051576,37.584790209790214,261499.26454630948,0.9654393494465778,0.9367743392816804,0.9901081844927838
2022-04-25,000657.SZ,42.361,42.361,38.842,38.842,24395671.0,-10.02,39.683,4.24,2.574,4.71,0,交易,8.246709129511677,16.457264957264957,628074.532722311,0.9367814735251765,0.9169283066971979,1.0216518201946347
2022-04-26,000657.SZ,37.867,38.46,36.128,36.17,18578873.0,-6.878,37.292,4.24,1.96,3.587,0,交易,10.083635349874546,19.319897959183674,514251.3562887511,0.9696307852314093,0.9393655746229849,1.0310201824716616
2022-04-27,000657.SZ,35.619,39.775,34.983,39.775,12466686.0,9.965,37.674,4.24,1.315,2.407,0,交易,16.52471956792688,27.086692015209128,356364.1197152903,0.9471778755499686,0.8795223130106851,0.9471778755499686
2022-04-28,000657.SZ,39.817,41.725,39.69,40.538,18687929.0,1.919,40.373,4.24,1.972,3.608,0,交易,11.235587583148558,20.191176470588236,470847.2915091963,0.9675973636908327,0.9512282804074295,0.9959297449306823
2022-04-29,000657.SZ,40.368,42.192,39.86,41.81,15198162.0,3.138,41.04,4.24,1.604,2.934,0,交易,14.250170415814587,25.16708229426434,381288.5599598595,0.9726962457337883,0.9447288585513841,0.9815833532647691
