trading_date,wind_code,open,high,low,close,volume,pct_chg,vwap,adj_factor,turn,free_turn,is_st,trade_status,close/free_turn,open/turn,volume/low,vwap/high,low/high,vwap/close
2016-10-12,603777.SH,14.0,16.8,14.0,16.8,35587.0,43.959,16.792,1.0,0.059,0.059,0,盘中停牌,284.7457627118644,237.28813559322035,2541.9285714285716,0.9995238095238096,0.8333333333333333,0.9995238095238096
2016-10-13,603777.SH,18.48,18.48,18.48,18.48,7300.0,10.0,18.48,1.0,0.012,0.012,0,交易,1540.0,1540.0,395.021645021645,1.0,1.0,1.0
2016-10-14,603777.SH,20.33,20.33,20.33,20.33,12889.0,10.011,20.33,1.0,0.021,0.021,0,交易,968.095238095238,968.095238095238,633.9891785538614,1.0,1.0,1.0
2016-10-17,603777.SH,22.36,22.36,22.36,22.36,21300.0,9.985,22.36,1.0,0.036,0.036,0,交易,621.1111111111111,621.1111111111111,952.5939177101968,1.0,1.0,1.0
2016-10-18,603777.SH,24.6,24.6,24.6,24.6,36200.0,10.018,24.6,1.0,0.06,0.06,0,交易,410.00000000000006,410.00000000000006,1471.5447154471544,1.0,1.0,1.0
2016-10-19,603777.SH,27.06,27.06,27.06,27.06,46854.0,10.0,27.06,1.0,0.078,0.078,0,交易,346.9230769230769,346.9230769230769,1731.4855875831486,1.0,1.0,1.0
2016-10-20,603777.SH,29.77,29.77,29.77,29.77,73568.0,10.015,29.77,1.0,0.123,0.123,0,交易,242.03252032520325,242.03252032520325,2471.2126301645953,1.0,1.0,1.0
2016-10-21,603777.SH,32.75,32.75,32.75,32.75,702438.0,10.01,32.75,1.0,1.171,1.171,0,交易,27.967549103330487,27.967549103330487,21448.48854961832,1.0,1.0,1.0
2016-10-24,603777.SH,34.01,36.03,33.45,36.03,35282188.0,10.015,34.898,1.0,58.804,58.804,0,交易,0.6127134208557241,0.5783620161893748,1054773.9312406576,0.9685817374410214,0.9283930058284763,0.9685817374410214
2016-10-25,603777.SH,37.5,39.63,36.79,39.63,16125740.0,9.992,38.21,1.0,26.876,26.876,0,交易,1.4745497841940765,1.3952969191844025,438318.56482739875,0.9641685591723441,0.9283371183446882,0.9641685591723441
2016-10-26,603777.SH,40.01,43.59,40.0,43.59,24401276.0,9.992,42.333,1.0,40.669,40.669,0,交易,1.0718237478177484,0.9837960117042465,610031.9,0.9711631108052304,0.9176416609314062,0.9711631108052304
2016-10-27,603777.SH,45.0,47.95,44.59,47.95,8902142.0,10.002,46.449,1.0,14.837,14.837,0,交易,3.2317854013614613,3.0329581451775964,199644.35972191073,0.968696558915537,0.9299270072992701,0.968696558915537
2016-10-28,603777.SH,52.75,52.75,51.88,52.75,6815994.0,10.01,52.635,1.0,11.36,11.36,0,交易,4.643485915492958,4.643485915492958,131379.99228989976,0.9978199052132701,0.9835071090047394,0.9978199052132701
2016-10-31,603777.SH,53.0,58.03,50.03,58.03,31277119.0,10.009,53.951,1.0,52.129,52.129,0,交易,1.1131999462870956,1.0167085499434096,625167.2796322206,0.9297087713251766,0.8621402722729623,0.9297087713251766
2016-11-01,603777.SH,56.01,63.83,56.01,60.84,34295626.0,4.842,61.381,1.0,57.159,57.159,0,交易,1.0643993071957172,0.979898178764499,612312.5513301196,0.9616324612251292,0.8774870750430832,1.0088921761998684
2016-11-02,603777.SH,60.7,66.92,59.02,66.92,28829753.0,9.993,63.021,1.0,48.05,48.05,0,交易,1.392715920915713,1.263267429760666,488474.2968485259,0.9417364016736401,0.8819485953377167,0.9417364016736401
2016-11-03,603777.SH,70.07,73.61,64.09,65.63,35734312.0,-1.928,70.61,1.0,59.557,59.557,0,交易,1.1019695417835014,1.1765199724633544,557564.5498517709,0.9592446678440429,0.8706697459584296,1.075879932957489
2016-11-04,603777.SH,67.0,68.59,61.2,63.87,27549681.0,-2.682,64.765,1.0,45.916,45.916,0,交易,1.3910183813921073,1.459186340273543,450158.18627450976,0.9442338533313894,0.8922583466977694,1.0140128385783624
2016-11-07,603777.SH,63.87,65.86,61.8,64.84,22847972.0,1.519,63.923,1.0,38.08,38.08,0,交易,1.702731092436975,1.6772584033613445,369708.284789644,0.970589128454297,0.9383540844215001,0.9858574953732264
2016-11-08,603777.SH,64.05,67.15,62.0,64.13,23999563.0,-1.095,64.523,1.0,39.999,39.999,0,交易,1.6032900822520562,1.6012900322508061,387089.72580645164,0.9608786299329857,0.9233060312732687,1.006128177140184
2016-11-09,603777.SH,63.02,70.54,62.52,68.83,35525759.0,7.329,67.535,1.0,59.21,59.21,0,交易,1.1624725553116027,1.0643472386421213,568230.3103007037,0.9574000567054153,0.886305642188829,0.9811855295655963
2016-11-10,603777.SH,67.55,75.71,66.58,75.71,34340919.0,9.996,70.804,1.0,57.235,57.235,0,交易,1.3227919979033806,1.1802218921988294,515784.3045959748,0.9352001056663586,0.8794082683925506,0.9352001056663586
2016-11-11,603777.SH,77.68,82.37,71.0,71.56,34617313.0,-5.481,77.918,1.0,57.696,57.696,0,交易,1.240293954520244,1.34636716583472,487567.78873239434,0.9459511958237222,0.8619643073934684,1.088848518725545
2016-11-14,603777.SH,69.6,70.3,64.4,66.16,26091914.0,-7.546,66.866,1.0,43.487,43.487,0,交易,1.521374203785039,1.6004783038609238,405153.94409937883,0.9511522048364154,0.9160739687055478,1.010671100362757
2016-11-15,603777.SH,65.32,66.75,64.6,65.48,15357095.0,-1.028,65.692,1.0,25.595,25.595,0,交易,2.5583121703457707,2.55206094940418,237725.92879256967,0.9841498127340823,0.9677902621722846,1.0032376298106291
2016-11-16,603777.SH,64.88,65.4,62.45,63.19,16117208.0,-3.497,63.651,1.0,26.862,26.862,0,交易,2.35239371603008,2.4153078698533244,258081.7934347478,0.9732568807339449,0.9548929663608562,1.0072954581421112
2016-11-17,603777.SH,62.7,64.35,62.53,63.4,10861991.0,0.332,63.573,1.0,18.103,18.103,0,交易,3.5021819587913603,3.463514334640667,173708.47593155285,0.9879254079254081,0.9717171717171719,1.0027287066246058
2016-11-18,603777.SH,62.84,64.31,62.01,62.26,11884052.0,-1.798,63.06,1.0,19.807,19.807,0,交易,3.143333165042662,3.1726157419094263,191647.34720206418,0.9805628984605815,0.96423573316747,1.0128493414712496
2016-11-21,603777.SH,62.19,66.49,60.0,64.44,22205529.0,3.501,63.214,1.0,37.009,37.009,0,交易,1.7411980869518224,1.6804020643627224,370092.15,0.9507294329974433,0.9023913370431644,0.9809745499689634
2016-11-22,603777.SH,63.18,65.3,63.18,63.81,14915582.0,-0.978,63.936,1.0,24.859,24.859,0,交易,2.566877187336578,2.54153425318798,236080.75340297562,0.9791117917304748,0.9675344563552833,1.0019746121297601
2016-11-23,603777.SH,63.5,68.46,63.5,65.42,19470815.0,2.523,66.223,1.0,32.451,32.451,0,交易,2.0159625281193185,1.9567964007272503,306627.0078740158,0.9673239848086475,0.9275489336839031,1.012274533781718
2016-11-24,603777.SH,64.11,64.25,61.0,61.39,14472488.0,-6.16,62.579,1.0,24.121,24.121,0,交易,2.545085195472825,2.6578500062186476,237253.90163934426,0.9739922178988327,0.9494163424124513,1.0193679752402671
2016-11-25,603777.SH,61.0,61.4,58.25,59.59,9478588.0,-2.932,59.425,1.0,15.798,15.798,0,交易,3.7719964552475,3.8612482592733257,162722.5407725322,0.9678338762214983,0.9486970684039088,0.9972310790401073
2016-11-28,603777.SH,59.7,60.49,58.28,58.69,7048716.0,-1.51,59.087,1.0,11.748,11.748,0,交易,4.995743956418114,5.081716036772217,120945.71036376114,0.9768060836501902,0.963465035543065,1.0067643550860454
2016-11-29,603777.SH,58.26,59.68,57.0,57.15,7427877.0,-2.624,58.247,1.0,12.38,12.38,0,交易,4.616316639741518,4.705977382875606,130313.63157894737,0.9759886058981233,0.9550938337801609,1.0191951006124236
2016-11-30,603777.SH,57.0,57.0,55.33,56.23,6987838.0,-1.61,56.079,1.0,11.646,11.646,0,交易,4.828267216211574,4.894384337970118,126293.83697813122,0.9838421052631579,0.9707017543859648,0.9973146007469323
2016-12-01,603777.SH,56.37,61.85,55.58,61.85,16852354.0,9.995,58.716,1.0,28.087,28.087,0,交易,2.2020863744792964,2.0069783173710256,303208.9600575747,0.9493290218270009,0.8986257073565076,0.9493290218270009
2016-12-02,603777.SH,60.99,66.6,60.5,61.94,24646081.0,0.146,63.308,1.0,41.077,41.077,0,交易,1.5078997979404534,1.4847725004260293,407373.2396694215,0.9505705705705706,0.9084084084084085,1.0220858895705522
2016-12-05,603777.SH,59.0,60.46,56.8,57.93,13228151.0,-6.474,58.383,1.0,22.047,22.047,0,交易,2.6275683766498843,2.676101056833129,232889.9823943662,0.9656467085676481,0.9394641085014885,1.0078197824961161
2016-12-06,603777.SH,58.34,60.88,58.0,58.76,12813556.0,1.433,59.56,1.0,21.356,21.356,0,交易,2.751451582693388,2.731784978460386,220923.37931034484,0.9783180026281209,0.9526938239159001,1.0136147038801906
2016-12-07,603777.SH,57.7,61.5,57.0,60.8,14262059.0,3.472,59.073,1.0,23.77,23.77,0,交易,2.557846024400505,2.4274295330248212,250211.56140350876,0.9605365853658536,0.926829268292683,0.9715953947368422
2016-12-08,603777.SH,60.02,61.58,58.19,58.66,11611650.0,-3.52,60.027,1.0,19.353,19.353,0,交易,3.0310546168552674,3.1013279594894847,199547.17305378933,0.9747807729782397,0.9449496589801883,1.0233037845209683
2016-12-09,603777.SH,57.5,59.98,57.05,57.65,9502539.0,-1.722,58.119,1.0,15.838,15.838,0,交易,3.6399797954287156,3.6305089026392223,166565.10078878177,0.9689729909969991,0.9511503834611538,1.0081352992194277
2016-12-12,603777.SH,57.2,58.55,52.0,53.81,11272042.0,-6.661,56.857,1.0,18.787,18.787,0,交易,2.8642146164901265,3.0446585404801194,216770.03846153847,0.9710845431255337,0.8881298035866781,1.0566251626091805
2016-12-13,603777.SH,52.99,54.71,51.02,53.88,9397150.0,0.13,53.142,1.0,15.662,15.662,0,交易,3.4401736687523945,3.383348231388073,184185.61348490787,0.9713397916285872,0.9325534637177847,0.9863028953229399
2016-12-14,603777.SH,53.2,54.5,52.1,52.22,8455129.0,-3.081,53.11,1.0,14.092,14.092,0,交易,3.7056485949474878,3.775191598069827,162286.5451055662,0.9744954128440367,0.9559633027522936,1.0170432784373804
2016-12-15,603777.SH,51.95,54.36,51.8,53.12,7994316.0,1.723,53.28,1.0,13.324,13.324,0,交易,3.986790753527469,3.89897928549985,154330.42471042473,0.9801324503311258,0.9529065489330389,1.0030120481927711
2016-12-16,603777.SH,52.8,58.43,52.8,58.43,14690536.0,9.996,55.893,1.0,24.484,24.484,0,交易,2.3864564613625223,2.156510374121875,278229.8484848485,0.9565805237035769,0.9036453876433339,0.9565805237035769
2016-12-19,603777.SH,57.98,57.99,53.17,55.07,10861916.0,-5.75,55.664,1.0,18.103,18.103,0,交易,3.0420372313981106,3.2027840689388496,204286.55256723714,0.9598896361441628,0.9168822210725988,1.0107862720174323
2016-12-20,603777.SH,54.03,57.9,53.8,55.63,11201519.0,1.017,56.271,1.0,18.669,18.669,0,交易,2.9798060956666133,2.8941025228989234,208206.67286245353,0.9718652849740933,0.929188255613126,1.0115225597699082
2016-12-21,603777.SH,55.18,56.99,54.21,56.57,10206407.0,1.69,55.55,1.0,17.011,17.011,0,交易,3.325495267767915,3.2437834342484275,188275.35510053494,0.9747324091945955,0.9512195121951219,0.9819692416475163
2016-12-22,603777.SH,56.11,57.79,55.2,56.28,9490902.0,-0.513,56.648,1.0,15.818,15.818,0,交易,3.5579719307118474,3.547224680743457,171936.6304347826,0.9802387956393841,0.955182557535906,1.006538734896944
2016-12-23,603777.SH,55.52,57.9,55.2,56.52,11188661.0,0.426,56.756,1.0,18.648,18.648,0,交易,3.0308880308880313,2.9772629772629773,202693.134057971,0.9802417962003455,0.9533678756476685,1.0041755130927106
2016-12-26,603777.SH,54.97,59.08,54.11,58.31,13654365.0,3.167,57.429,1.0,22.757,22.757,0,交易,2.5622885266071975,2.415520499187063,252344.57586398078,0.9720548408937035,0.9158767772511849,0.9848910992968616
2016-12-27,603777.SH,58.01,58.88,57.1,57.29,8989429.0,-1.749,57.685,1.0,14.982,14.982,0,交易,3.823922039781071,3.871979708984114,157433.0823117338,0.9797044836956522,0.9697690217391304,1.0068947460289754
2016-12-28,603777.SH,56.8,57.8,55.2,55.43,7980601.0,-3.247,56.248,1.0,13.301,13.301,0,交易,4.167355837906924,4.270355612359973,144576.10507246375,0.9731487889273357,0.9550173010380624,1.014757351614649
2016-12-29,603777.SH,55.02,56.0,53.21,53.65,7149172.0,-3.211,54.761,1.0,11.915,11.915,0,交易,4.502727654217373,4.617708770457408,134357.67712835933,0.977875,0.9501785714285714,1.020708294501398
2016-12-30,603777.SH,53.05,54.2,52.5,53.09,5422967.0,-1.044,53.184,1.0,9.038,9.038,0,交易,5.874087187430848,5.869661429519804,103294.60952380953,0.9812546125461253,0.9686346863468634,1.0017705782633264
2017-01-03,603777.SH,53.27,53.97,53.0,53.73,4044425.0,1.206,53.532,1.0,6.741,6.741,0,交易,7.970627503337783,7.90238836967809,76309.90566037736,0.9918843802112284,0.9820270520659626,0.9963149078726968
2017-01-04,603777.SH,53.8,53.8,52.85,53.62,4484365.0,-0.205,53.453,1.0,7.474,7.474,0,交易,7.174203906877174,7.198287396307197,84850.80416272469,0.9935501858736061,0.9823420074349443,0.9968854904886237
2017-01-05,603777.SH,53.66,54.6,53.11,53.59,4669452.0,-0.056,53.82,1.0,7.782,7.782,0,交易,6.886404523258803,6.895399640195322,87920.39163999246,0.9857142857142857,0.9727106227106227,1.004291845493562
2017-01-06,603777.SH,53.33,53.7,49.0,49.29,9443769.0,-8.024,51.008,1.0,15.74,15.74,0,交易,3.1315120711562896,3.388182973316391,192729.97959183675,0.9498696461824954,0.9124767225325884,1.034854940150132
2017-01-09,603777.SH,48.9,49.0,46.51,46.89,6692543.0,-4.869,47.243,1.0,11.154,11.154,0,交易,4.203873050026896,4.384077461000538,143894.71081487852,0.9641428571428572,0.9491836734693877,1.007528257624227
2017-01-10,603777.SH,46.68,47.79,46.68,46.89,4415075.0,0.0,47.283,1.0,7.358,7.358,0,交易,6.372655612938299,6.3441152487088885,94581.7266495287,0.9893910860012556,0.9767733835530445,1.008381317978247
2017-01-11,603777.SH,46.8,46.8,44.88,45.0,5200874.0,-4.031,45.592,1.0,8.668,8.668,0,交易,5.191508998615598,5.399169358560222,115884.00178253118,0.9741880341880342,0.9589743589743591,1.0131555555555556
2017-01-12,603777.SH,44.87,45.41,43.0,43.66,5579418.0,-2.978,44.209,1.0,9.299,9.299,0,交易,4.695128508441768,4.8252500268846115,129753.90697674418,0.9735520810394188,0.9469279894296411,1.0125744388456255
2017-01-13,603777.SH,43.7,44.89,43.1,43.2,5893064.0,-1.054,44.09,1.0,9.822,9.822,0,交易,4.39828955406231,4.449195683160253,136730.02320185615,0.9821786589440856,0.9601247493873915,1.0206018518518518
2017-01-16,603777.SH,42.51,42.89,38.88,39.32,7293547.0,-8.981,40.604,1.0,12.156,12.156,0,交易,3.2346166502138862,3.497038499506416,187591.2294238683,0.9467008626719515,0.906505012823502,1.0326551373346897
2017-01-17,603777.SH,39.01,43.0,37.51,42.06,10001115.0,6.968,40.421,1.0,16.669,16.669,0,交易,2.523246745455636,2.340272361869338,266625.2999200213,0.9400232558139535,0.8723255813953488,0.9610318592486923
2017-01-18,603777.SH,41.22,41.49,40.05,40.28,5215328.0,-4.232,40.704,1.0,8.692,8.692,0,交易,4.634146341463414,4.742291762540266,130220.42446941324,0.981055676066522,0.9652928416485899,1.0105263157894737
2017-01-19,603777.SH,39.9,42.99,39.65,40.79,8005569.0,1.266,41.469,1.0,13.343,13.343,0,交易,3.0570336506033127,2.990332009293262,201905.90163934426,0.9646196789951151,0.9223075133752034,1.0166462368227507
2017-01-20,603777.SH,40.4,41.85,40.27,41.1,5425117.0,0.76,41.232,1.0,9.042,9.042,0,交易,4.545454545454546,4.46803804468038,134718.57462130618,0.9852329749103942,0.9622461170848268,1.0032116788321168
2017-01-23,603777.SH,40.8,41.88,40.8,41.36,4047959.0,0.633,41.371,1.0,6.747,6.747,0,交易,6.130131910478731,6.047132058692752,99214.68137254902,0.9878462273161414,0.974212034383954,1.0002659574468087
2017-01-24,603777.SH,41.25,41.25,39.26,39.62,4754454.0,-4.207,40.126,1.0,7.924,7.924,0,交易,4.999999999999999,5.2057041898031295,121101.73204279166,0.9727515151515151,0.9517575757575757,1.012771327612317
2017-01-25,603777.SH,39.5,40.88,39.37,39.99,4255758.0,0.934,40.287,1.0,7.093,7.093,0,交易,5.637952911321021,5.5688707176089105,108096.46939293879,0.9854941291585126,0.9630626223091975,1.0074268567141784
2017-01-26,603777.SH,40.3,40.75,39.82,40.01,2559398.0,0.05,40.144,1.0,4.266,4.266,0,交易,9.37880918893577,9.44678856071261,64274.1838272225,0.9851288343558282,0.9771779141104294,1.0033491627093227
2017-02-03,603777.SH,40.24,40.6,39.39,40.12,3622266.0,0.275,39.941,1.0,6.037,6.037,0,交易,6.64568494285241,6.665562365413285,91959.02513328256,0.983768472906404,0.9701970443349753,0.9955383848454638
2017-02-06,603777.SH,40.1,42.4,40.09,41.97,8512760.0,4.611,41.402,1.0,14.188,14.188,0,交易,2.9581336340569493,2.8263321116436426,212341.23222748813,0.9764622641509435,0.9455188679245284,0.9864665237074101
2017-02-07,603777.SH,41.61,41.95,41.11,41.88,6065507.0,-0.214,41.541,1.0,10.109,10.109,0,交易,4.142843011178158,4.116134137896924,147543.34711748967,0.9902502979737782,0.9799761620977353,0.9919054441260744
2017-02-08,603777.SH,41.71,44.0,41.5,42.91,8630887.0,2.459,42.96,1.0,14.385,14.385,0,交易,2.9829683698296834,2.899548140424053,207973.18072289156,0.9763636363636364,0.9431818181818182,1.0011652295502216
2017-02-09,603777.SH,42.62,43.56,42.35,43.02,6457336.0,0.256,42.973,1.0,10.762,10.762,0,交易,3.9973982531128045,3.96023044043858,152475.46635183,0.9865243342516069,0.9722222222222222,0.9989074848907484
2017-02-10,603777.SH,42.9,43.4,41.66,41.77,5525516.0,-2.906,42.439,1.0,9.209,9.209,0,交易,4.535780215007059,4.658486263437942,132633.6053768603,0.9778571428571429,0.9599078341013825,1.0160162796265262
2017-02-13,603777.SH,41.51,42.72,41.29,42.25,4872864.0,1.149,42.173,1.0,8.121,8.121,0,交易,5.202561260928457,5.11143947789681,118015.59699685154,0.9871956928838952,0.9665262172284644,0.9981775147928994
2017-02-14,603777.SH,42.3,42.63,42.05,42.09,3713549.0,-0.379,42.255,1.0,6.189,6.189,0,交易,6.800775569558895,6.834706737760542,88312.69916765756,0.9912033779028853,0.9863945578231291,1.00392017106201
2017-02-15,603777.SH,41.9,44.49,41.71,43.14,10657350.0,2.495,43.143,1.0,17.762,17.762,0,交易,2.4287805427316744,2.3589685846188493,255510.6689043395,0.9697235333782872,0.9375140481006967,1.0000695410292073
2017-02-16,603777.SH,42.55,42.78,41.78,42.3,5854832.0,-1.947,42.123,1.0,9.758,9.758,0,交易,4.334904693584751,4.360524697683951,140134.80134035423,0.9846423562412341,0.9766245909303413,0.9958156028368794
2017-02-17,603777.SH,42.25,42.87,40.68,40.78,5347175.0,-3.593,41.751,1.0,8.912,8.912,0,交易,4.575852782764811,4.7407989228007175,131444.81317600785,0.9738978306508047,0.9489153254023793,1.0238106915154486
2017-02-20,603777.SH,40.4,40.84,39.22,39.91,4383082.0,-2.133,39.871,1.0,7.305,7.305,0,交易,5.463381245722108,5.530458590006845,111756.29780724121,0.9762732615083252,0.9603330068560234,0.9990228013029318
2017-02-21,603777.SH,40.1,41.0,40.01,40.92,4014662.0,2.531,40.536,1.0,6.691,6.691,0,交易,6.115677776117173,5.993125093409057,100341.46463384155,0.9886829268292683,0.9758536585365853,0.9906158357771261
2017-02-22,603777.SH,40.91,42.38,40.51,41.29,5942030.0,0.904,41.57,1.0,9.903,9.903,0,交易,4.1694436029486015,4.13107139250732,146680.57269809925,0.9808872109485606,0.9558754129306275,1.0067813029789296
2017-02-23,603777.SH,41.0,42.19,40.28,41.74,5499587.0,1.09,41.216,1.0,9.166,9.166,0,交易,4.553785729871263,4.473052585642592,136533.93743793445,0.9769139606541836,0.9547286086750416,0.9874460948730235
2017-02-24,603777.SH,41.33,42.49,41.32,42.13,6354638.0,0.934,41.985,1.0,10.591,10.591,0,交易,3.977905769049193,3.9023699367387406,153790.8518877057,0.9881148505530712,0.9724641092021652,0.996558272015191
2017-02-27,603777.SH,42.15,43.93,41.9,42.78,8324531.0,1.543,42.955,1.0,13.874,13.874,0,交易,3.0834654749891883,3.038056796886262,198676.15751789976,0.9778055998178921,0.953790120646483,1.0040906965871903
2017-02-28,603777.SH,43.1,44.4,42.8,43.09,8069822.0,0.725,43.456,1.0,13.45,13.45,0,交易,3.2037174721189596,3.2044609665427513,188547.24299065422,0.9787387387387388,0.9639639639639639,1.0084938500812253
2017-03-01,603777.SH,42.69,44.96,42.13,44.31,10824245.0,2.831,43.944,1.0,18.04,18.04,0,交易,2.456208425720621,2.3664079822616406,256924.87538571088,0.9774021352313168,0.9370551601423488,0.9917400135409614
2017-03-02,603777.SH,43.78,44.27,43.27,43.41,6725492.0,-2.031,43.657,1.0,11.209,11.209,0,交易,3.872780801141939,3.9057899901864577,155430.82967413912,0.9861531511181385,0.9774113395075672,1.0056899331951163
2017-03-03,603777.SH,43.32,43.32,42.38,42.72,4129801.0,-1.589,42.708,1.0,6.883,6.883,0,交易,6.206595961063489,6.2937672526514605,97446.93251533742,0.9858725761772853,0.9783010156971377,0.9997191011235955
2017-03-06,603777.SH,42.76,43.68,42.76,43.64,4772358.0,2.154,43.283,1.0,7.954,7.954,0,交易,5.486547648981644,5.375911491073674,111607.99812909261,0.9909111721611722,0.9789377289377289,0.9918194317140239
2017-03-07,603777.SH,43.51,45.6,43.51,44.99,10689270.0,3.093,44.607,1.0,17.815,17.815,0,交易,2.5253999438675274,2.4423238843671062,245673.86807630432,0.9782236842105263,0.9541666666666666,0.991486997110469
2017-03-08,603777.SH,44.53,45.17,44.02,44.34,6321053.0,-1.445,44.416,1.0,10.535,10.535,0,交易,4.2088277171333655,4.226862838158519,143595.02498864153,0.9833075049811821,0.9745406243081691,1.0017140279657193
2017-03-09,603777.SH,44.4,45.45,44.11,45.01,8614550.0,1.511,44.879,1.0,14.358,14.358,0,交易,3.1348377211310763,3.0923526953614706,195296.98481070052,0.9874367436743673,0.9705170517051704,0.9970895356587425
2017-03-10,603777.SH,44.7,44.86,44.08,44.67,5595537.0,-0.755,44.479,1.0,9.326,9.326,0,交易,4.7898348702552,4.79305168346558,126940.4945553539,0.9915069103878734,0.9826125724476148,0.9957241996865905
2017-03-13,603777.SH,44.3,45.96,44.3,45.61,8732178.0,2.104,45.315,1.0,14.554,14.554,0,交易,3.1338463652604096,3.0438367459117766,197114.6275395034,0.9859660574412532,0.9638816362053959,0.9935321201490901
2017-03-14,603777.SH,45.58,45.95,44.68,45.0,7624042.0,-1.337,45.154,1.0,12.707,12.707,0,交易,3.541355158574014,3.586999291728968,170636.57117278426,0.982676822633297,0.9723612622415668,1.0034222222222222
2017-03-15,603777.SH,45.0,45.0,43.83,44.08,5139417.0,-2.044,44.227,1.0,8.566,8.566,0,交易,5.1459257529768845,5.253327107167872,117257.97399041752,0.9828222222222222,0.974,1.0033348457350273
2017-03-16,603777.SH,44.0,45.58,43.99,45.03,7451573.0,2.155,44.896,1.0,12.419,12.419,0,交易,3.6258958048152024,3.5429583702391496,169392.4300977495,0.9849934181658623,0.9651162790697675,0.9970242060848323
2017-03-17,603777.SH,45.25,45.48,44.0,44.16,6785039.0,-1.932,44.73,1.0,11.308,11.308,0,交易,3.905199858507251,4.001591793420587,154205.43181818182,0.9835092348284961,0.967458223394899,1.012907608695652
2017-03-20,603777.SH,43.82,46.7,43.7,46.23,12084948.0,4.688,45.388,1.0,20.142,20.142,0,交易,2.295204051236223,2.175553569655446,276543.4324942792,0.9719057815845823,0.9357601713062098,0.9817867185810081
2017-03-21,603777.SH,46.1,46.6,45.35,46.36,9372523.0,0.281,45.873,1.0,15.621,15.621,0,交易,2.967799756737725,2.9511554958069266,206670.84895259095,0.9843991416309013,0.973175965665236,0.989495254529767
2017-03-22,603777.SH,45.8,48.22,45.61,47.72,12118869.0,2.934,46.931,1.0,20.198,20.198,0,交易,2.362610159421725,2.2675512426972966,265706.40210480156,0.9732683533803401,0.9458730817088346,0.983466051969824
2017-03-23,603777.SH,47.39,51.87,47.05,49.63,18212953.0,4.003,48.873,1.0,30.355,30.355,0,交易,1.634985999011695,1.5611925547685719,387097.8320935175,0.9422209369577791,0.9070753807595913,0.9847471287527704
2017-03-24,603777.SH,48.87,50.5,48.52,48.69,10589572.0,-1.894,49.254,1.0,17.649,17.649,0,交易,2.758796532381438,2.768995410504844,218251.69002473206,0.9753267326732673,0.9607920792079209,1.0115834873690697
2017-03-27,603777.SH,48.21,48.8,47.0,47.19,6604223.0,-3.081,47.554,1.0,11.007,11.007,0,交易,4.287271736167893,4.379940038157536,140515.3829787234,0.9744672131147541,0.9631147540983607,1.0077134986225895
2017-03-28,603777.SH,47.49,47.96,46.7,46.75,4777774.0,-0.932,47.277,1.0,7.963,7.963,0,交易,5.870902926032902,5.963832726359413,102307.79443254818,0.9857589658048374,0.9737281067556297,1.0112727272727273
2017-03-29,603777.SH,46.58,46.92,43.06,43.2,8149101.0,-7.594,44.546,1.0,13.582,13.582,0,交易,3.1806803121778824,3.4295390958621703,189249.90710636321,0.9494032395566921,0.9177323103154306,1.0311574074074072
2017-03-30,603777.SH,42.12,42.8,40.29,40.5,6899699.0,-6.25,41.247,1.0,11.499,11.499,0,交易,3.522045395251761,3.662927211061831,171250.90593199307,0.9637149532710281,0.9413551401869159,1.0184444444444445
2017-03-31,603777.SH,40.69,41.49,40.4,40.74,3412807.0,0.593,40.848,1.0,5.688,5.688,0,交易,7.162447257383967,7.15365682137834,84475.42079207921,0.984526391901663,0.9737286093034465,1.0026509572901325
2017-04-05,603777.SH,40.9,41.49,39.72,41.26,4344481.0,1.276,40.967,1.0,7.241,7.241,0,交易,5.698107996133131,5.648391106200801,109377.66868076536,0.9873945529043142,0.9573391178597251,0.9928986912263694
2017-04-06,603777.SH,41.0,41.52,40.89,41.02,3355398.0,-0.582,41.224,1.0,5.592,5.592,0,交易,7.335479256080116,7.331902718168813,82059.1342626559,0.9928709055876684,0.9848265895953756,1.004973183812774
2017-04-07,603777.SH,40.91,41.12,40.3,40.37,3180007.0,-1.585,40.592,1.0,5.3,5.3,0,交易,7.6169811320754715,7.718867924528301,78908.36228287841,0.98715953307393,0.9800583657587548,1.005499133019569
2017-04-10,603777.SH,39.7,40.15,37.15,37.67,5698647.0,-6.688,38.301,1.0,9.498,9.498,0,交易,3.966098125921247,4.17982733206991,153395.6123822342,0.953947696139477,0.925280199252802,1.0167507300238916
2017-04-11,603777.SH,37.6,38.36,37.21,38.28,3444519.0,1.619,37.896,1.0,5.741,5.741,0,交易,6.667827904546247,6.549381640829124,92569.71244289169,0.9879040667361836,0.9700208550573515,0.9899686520376175
2017-04-12,603777.SH,38.13,38.15,37.5,37.6,2160906.0,-1.776,37.726,1.0,3.602,3.602,0,交易,10.438645197112717,10.585785674625209,57624.16,0.9888859764089122,0.9829619921363041,1.0033510638297871
2017-04-13,603777.SH,37.77,38.12,37.58,37.66,2022922.0,0.16,37.797,1.0,3.372,3.372,0,交易,11.168446026097271,11.201067615658364,53829.74986695051,0.991526757607555,0.9858342077649528,1.0036378120021243
2017-04-14,603777.SH,37.69,37.69,35.2,35.88,3764367.0,-4.727,36.374,1.0,6.274,6.274,0,交易,5.718839655722028,6.007331845712463,106942.24431818181,0.9650835765455029,0.933934730697798,1.0137681159420289
2017-04-17,603777.SH,34.95,35.15,32.8,33.57,3332820.0,-6.438,33.75,1.0,5.555,5.555,0,交易,6.043204320432044,6.291629162916292,101610.36585365854,0.9601706970128023,0.9331436699857752,1.0053619302949062
2017-04-18,603777.SH,33.51,34.09,31.89,32.18,3902856.0,-4.141,32.918,1.0,6.505,6.505,0,交易,4.946963873943121,5.15142198308993,122384.94825964252,0.9656204165444411,0.9354649457318861,1.022933499067744
2017-04-19,603777.SH,31.84,33.19,31.84,32.99,3611400.0,2.517,32.586,1.0,6.019,6.019,0,交易,5.4809769064628675,5.289915268316996,113423.36683417085,0.9818017475143116,0.9593250979210606,0.9877538648075174
2017-04-20,603777.SH,33.07,33.25,32.22,33.0,3111491.0,0.03,32.804,1.0,5.186,5.186,0,交易,6.363285769379098,6.376783648283841,96570.17380509002,0.9865864661654136,0.9690225563909775,0.9940606060606061
2017-04-21,603777.SH,33.23,33.23,32.47,32.63,1715900.0,-1.121,32.775,1.0,2.86,2.86,0,交易,11.40909090909091,11.618881118881118,52845.70372651679,0.9863075534155884,0.9771291002106531,1.0044437634079066
2017-04-24,603777.SH,32.77,32.78,30.33,31.08,2675091.0,-4.75,31.192,1.0,4.458,4.458,0,交易,6.971736204576042,7.350829968595783,88199.50544015826,0.9515558267236119,0.9252593044539352,1.0036036036036036
2017-04-25,603777.SH,31.25,31.62,31.08,31.28,2130396.0,0.644,31.359,1.0,3.551,3.551,0,交易,8.808786257392283,8.800337932976626,68545.55984555985,0.9917457305502847,0.9829222011385198,1.0025255754475704
2017-04-26,603777.SH,31.48,34.41,31.29,34.41,3418937.0,10.006,33.388,1.0,5.698,5.698,0,交易,6.0389610389610375,5.524745524745525,109266.12336209652,0.9702993315896542,0.909328683522232,0.9702993315896542
2017-04-27,603777.SH,35.0,37.45,34.41,36.68,11274046.0,6.597,36.218,1.0,18.79,18.79,0,交易,1.9521021820117084,1.8626929217668973,327638.6515547806,0.9671028037383178,0.9188251001335112,0.9874045801526719
2017-04-28,603777.SH,36.57,36.57,35.5,35.8,5949521.0,-2.399,35.833,1.0,9.916,9.916,0,交易,3.6103267446551026,3.6879790237999193,167592.14084507042,0.979846869018321,0.9707410445720536,1.0009217877094971
2017-05-02,603777.SH,35.53,35.93,35.16,35.53,3356035.0,-0.754,35.477,1.0,5.593,5.593,0,交易,6.35258358662614,6.35258358662614,95450.36973833902,0.9873921514055106,0.9785694405789034,0.998508302842668
2017-05-03,603777.SH,35.52,36.95,35.52,36.4,5313407.0,2.449,36.323,1.0,8.856,8.856,0,交易,4.110207768744354,4.0108401084010845,149589.16103603604,0.9830311231393775,0.961299052774019,0.9978846153846155
2017-05-04,603777.SH,36.01,36.07,35.06,35.51,3628778.0,-2.445,35.518,1.0,6.048,6.048,0,交易,5.8713624338624335,5.954034391534391,103501.93953223045,0.9846964236207375,0.97199889104519,1.0002252886510843
2017-05-05,603777.SH,35.05,35.75,34.51,35.07,3507183.0,-1.239,35.161,1.0,5.845,5.845,0,交易,6.0,5.9965782720273735,101628.02086351783,0.9835244755244755,0.9653146853146852,1.0025948103792415
2017-05-08,603777.SH,35.0,35.46,34.31,34.48,2642309.0,-1.682,35.03,1.0,4.404,4.404,0,交易,7.829246139872843,7.9473206176203455,77012.79510346836,0.9878736604624929,0.9675690919345742,1.0159512761020884
2017-05-09,603777.SH,33.75,34.27,32.68,34.12,4051581.0,-1.044,33.377,1.0,6.753,6.753,0,交易,5.05256922849104,4.9977787649933365,123977.38678090576,0.9739422235191129,0.953603735045229,0.9782239155920283
2017-05-10,603777.SH,34.0,35.39,33.81,34.14,5109472.0,0.059,34.762,1.0,8.516,8.516,0,交易,4.008924377642086,3.9924847346171912,151123.09967465245,0.9822548742582651,0.9553546199491382,1.0182190978324546
2017-05-11,603777.SH,33.35,35.49,33.27,35.44,5141222.0,3.808,34.473,1.0,8.569,8.569,0,交易,4.135838487571478,3.891936048547088,154530.26750826568,0.9713440405748097,0.9374471682163991,0.972714446952596
2017-05-12,603777.SH,35.2,36.18,35.1,35.34,4629336.0,-0.282,35.583,1.0,7.716,7.716,0,交易,4.580093312597201,4.561949196474858,131889.91452991453,0.9834991708126036,0.9701492537313433,1.0068760611205432
2017-05-15,603777.SH,35.03,36.98,35.03,36.39,5819606.0,2.971,36.252,1.0,9.699,9.699,0,交易,3.7519331889885557,3.6117125476853285,166132.0582357979,0.9803136830719309,0.9472687939426718,0.9962077493816983
2017-05-16,603777.SH,36.18,37.5,35.75,37.28,6151284.0,2.446,36.679,1.0,10.252,10.252,0,交易,3.6363636363636362,3.5290674990245803,172063.8881118881,0.9781066666666667,0.9533333333333334,0.9838787553648068
2017-05-17,603777.SH,37.43,37.62,36.38,37.0,6081599.0,-0.751,36.971,1.0,10.136,10.136,0,交易,3.6503551696921868,3.6927782162588794,167168.74656404616,0.9827485380116959,0.9670388091440725,0.9992162162162161
2017-05-18,603777.SH,36.5,36.91,35.71,35.75,4042500.0,-3.378,36.318,1.0,6.738,6.738,0,交易,5.305728702879192,5.417037696645889,113203.58443013161,0.9839609861826064,0.9674884855052832,1.0158881118881118
2017-05-19,603777.SH,35.75,36.38,35.6,35.81,2870513.0,0.168,35.972,1.0,4.784,4.784,0,交易,7.48536789297659,7.472826086956522,80632.38764044944,0.9887850467289719,0.9785596481583287,1.004523876012287
2017-05-22,603777.SH,35.6,35.7,32.8,33.09,4421100.0,-7.596,34.204,1.0,7.368,7.368,0,交易,4.491042345276873,4.83170466883822,134789.63414634147,0.958095238095238,0.918767507002801,1.033665760048353
2017-05-23,603777.SH,33.07,33.09,31.17,31.2,4062200.0,-5.712,31.954,1.0,6.77,6.77,0,交易,4.608567208271787,4.884785819793206,130324.02951555983,0.9656693865216076,0.9419764279238441,1.0241666666666667
2017-05-24,603777.SH,31.01,31.9,30.3,31.8,3169454.0,1.923,31.282,1.0,5.282,5.282,0,交易,6.020446800454374,5.870882241575162,104602.44224422442,0.980626959247649,0.9498432601880878,0.9837106918238994
2017-05-25,603777.SH,31.69,32.14,30.8,31.83,3079114.0,0.094,31.485,1.0,5.132,5.132,0,交易,6.202260327357755,6.17498051441933,99971.23376623377,0.9796204107031736,0.9583074051026758,0.9891611687087654
2017-05-26,603777.SH,31.95,33.5,31.62,32.77,3764203.0,2.953,32.496,1.0,6.274,6.274,0,交易,5.223143130379344,5.092445011157157,119045.00316255534,0.9700298507462687,0.9438805970149254,0.9916386939273726
2017-05-31,603777.SH,34.32,35.38,33.08,33.26,5642757.0,1.495,34.363,1.0,9.405,9.405,0,交易,3.5364167995746945,3.649122807017544,170579.11124546555,0.9712549462973431,0.934991520633126,1.0331629585087192
2017-06-01,603777.SH,33.0,33.29,31.38,31.43,3530357.0,-5.502,32.213,1.0,5.884,5.884,0,交易,5.341604350781781,5.6084296397008835,112503.4098151689,0.9676479423250226,0.942625413036948,1.0249125039770919
2017-06-02,603777.SH,31.0,33.46,30.6,33.39,4334742.0,6.236,32.442,1.0,7.225,7.225,0,交易,4.621453287197232,4.290657439446367,141658.23529411765,0.969575612671847,0.9145248057381948,0.9716082659478886
2017-06-05,603777.SH,33.6,34.74,33.01,33.7,4405358.0,0.928,33.999,1.0,7.342,7.342,0,交易,4.590029964587306,4.576409697630074,133455.25598303546,0.9786701208981002,0.9502014968336211,1.0088724035608307
2017-06-06,603777.SH,33.3,34.63,33.12,34.54,3625543.0,2.493,34.038,1.0,6.043,6.043,0,交易,5.715704120469965,5.510508025814992,109466.87801932367,0.9829049956684953,0.9563961882760611,0.9854661262304574
2017-06-07,603777.SH,34.49,35.38,34.34,34.93,6002422.0,1.129,34.919,1.0,10.004,10.004,0,交易,3.4916033586565374,3.447620951619353,174793.8846825859,0.9869700395703785,0.9706048615036744,0.9996850844546235
2017-06-08,603777.SH,34.7,34.93,33.85,33.93,4447844.0,-2.863,34.397,1.0,7.413,7.413,0,交易,4.577094293808175,4.6809658707675705,131398.6410635155,0.984740910392213,0.9690810191812196,1.0137636310050102
2017-06-09,603777.SH,33.77,35.49,33.75,35.23,6757398.0,3.831,34.842,1.0,11.262,11.262,0,交易,3.1282187888474513,2.9985792931983664,200219.2,0.9817413355874893,0.9509721048182586,0.9889866590973603
2017-06-12,603777.SH,34.8,34.8,33.85,33.93,4505643.0,-3.69,34.255,1.0,7.509,7.509,0,交易,4.5185777067518975,4.634438673591689,133106.1447562777,0.9843390804597703,0.9727011494252875,1.0095785440613028
2017-06-13,603777.SH,33.8,37.18,33.61,36.08,9859828.0,6.337,35.727,1.0,16.433,16.433,0,交易,2.195582060488042,2.0568368526744965,293359.9523951205,0.9609198493813877,0.9039806347498656,0.9902161862527715
2017-06-14,603777.SH,36.2,38.77,35.58,37.86,14161114.0,4.933,37.118,1.0,23.602,23.602,0,交易,1.6041013473434453,1.5337683247182443,398007.700955593,0.957389734330668,0.9177198865101882,0.9804014791336504
2017-06-15,603777.SH,37.1,38.5,36.88,38.44,11342026.0,1.532,37.802,1.0,18.903,18.903,0,交易,2.0335396497910385,1.9626514309897902,307538.6659436008,0.9818701298701299,0.957922077922078,0.9834027055150885
2017-06-16,603777.SH,38.17,38.65,37.22,37.26,6385899.0,-3.07,37.709,1.0,10.643,10.643,0,交易,3.5008926054683824,3.5863948134924364,171571.70875873187,0.9756532988357052,0.9630012936610608,1.012050456253355
2017-06-19,603777.SH,36.74,37.4,36.51,37.03,4041349.0,-0.617,36.897,1.0,6.736,6.736,0,交易,5.4973277909738725,5.4542755344418055,110691.56395508081,0.9865508021390375,0.9762032085561497,0.9964083175803402
2017-06-20,603777.SH,37.2,37.39,36.72,36.89,3501083.0,-0.378,36.995,1.0,5.835,5.835,0,交易,6.322193658954585,6.375321336760926,95345.39760348584,0.989435677988767,0.9820807702594276,1.0028462998102465
2017-06-21,603777.SH,36.86,36.981,35.547,36.022,4649300.0,-2.354,36.133,1.01,7.749,7.749,0,交易,4.648599819331527,4.756742805523293,130793.03457394437,0.9770693058597658,0.9612233308996511,1.0030814502248626
2017-06-22,603777.SH,36.042,36.436,35.749,35.8,3493879.0,-0.617,36.06,1.01,5.823,5.823,0,交易,6.1480336596256215,6.189592993302421,97733.61492629164,0.9896805357338896,0.9811450214073993,1.0072625698324025
2017-06-23,603777.SH,35.648,37.233,35.214,37.193,5451140.0,3.892,36.309,1.01,9.085,9.085,0,交易,4.093891029168959,3.923830489818382,154800.36349179305,0.9751833051325437,0.9457739102409154,0.976232086682978
2017-06-26,603777.SH,37.173,37.647,36.749,37.445,5014063.0,0.679,37.283,1.01,8.357,8.357,0,交易,4.480674883331339,4.4481273184157,136440.8011102343,0.9903312348925546,0.976146837729434,0.9956736546935505
2017-06-27,603777.SH,37.354,37.607,36.678,36.789,3480199.0,-1.752,37.102,1.01,5.8,5.8,0,交易,6.342931034482759,6.440344827586207,94885.19003217189,0.9865716488951525,0.9752971521259339,1.008507977928185
2017-06-28,603777.SH,36.739,37.324,36.143,36.94,3461662.0,0.412,36.85,1.01,5.769,5.769,0,交易,6.403189460911769,6.368348067256023,95776.83092161691,0.9873003965277034,0.9683581609688137,0.9975636166756904
2017-06-29,603777.SH,36.648,37.153,36.527,36.87,2230183.0,-0.191,36.826,1.01,3.717,3.717,0,交易,9.919289749798223,9.85956416464891,61055.73958989241,0.9911985573170404,0.9831507549861385,0.9988066178464877
2017-06-30,603777.SH,36.456,37.657,36.395,37.486,3706341.0,1.67,37.231,1.01,6.177,6.177,0,交易,6.068641735470293,5.901894123360855,101836.54348124741,0.9886873622434077,0.9664869745332875,0.9931974603852106
2017-07-03,603777.SH,37.354,37.607,37.112,37.294,3049778.0,-0.512,37.341,1.01,5.083,5.083,0,交易,7.33700570529215,7.348809758016919,82177.67837896098,0.9929268487249715,0.9868375568378228,1.0012602563415027
2017-07-04,603777.SH,37.354,37.486,36.476,36.698,3200034.0,-1.597,36.805,1.01,5.333,5.333,0,交易,6.881305081567598,7.004312769548096,87729.84976422854,0.981833217734621,0.9730566078002455,1.0029156902283503
2017-07-05,603777.SH,36.648,36.829,36.143,36.628,3193313.0,-0.193,36.404,1.01,5.322,5.322,0,交易,6.882375046974821,6.8861330326944765,88352.18437871787,0.9884601808357545,0.9813733742431237,0.9938844599759747
2017-07-06,603777.SH,36.688,36.749,35.689,36.002,3466853.0,-1.709,36.107,1.01,5.778,5.778,0,交易,6.230875735548634,6.349601938386986,97140.65958698759,0.9825301368744727,0.9711556777055157,1.002916504638631
2017-07-07,603777.SH,35.911,37.889,35.658,37.607,6735477.0,4.459,37.092,1.01,11.226,11.226,0,交易,3.349991092107607,3.1989132371280955,188891.04829210835,0.9789648710707592,0.941117474728813,0.9863057409524822
2017-07-10,603777.SH,37.284,37.365,36.042,36.214,4752609.0,-3.705,36.619,1.01,7.921,7.921,0,交易,4.571897487690948,4.706981441737154,131863.076410854,0.9800347919175698,0.9645925331192292,1.0111835201855637
2017-07-11,603777.SH,36.042,36.214,34.285,34.386,5041001.0,-5.046,35.298,1.01,8.402,8.402,0,交易,4.092597000714116,4.289692930254702,147032.25900539596,0.9747059148395649,0.9467333075606119,1.026522421915896
2017-07-12,603777.SH,34.124,34.618,33.225,34.245,4032649.0,-0.411,33.903,1.01,6.721,6.721,0,交易,5.095223925011158,5.077220651688737,121373.9352896915,0.9793460049685134,0.9597608180715235,0.9900131406044679
2017-07-13,603777.SH,34.336,34.507,33.669,34.104,2824161.0,-0.413,34.062,1.01,4.707,4.707,0,交易,7.245379222434672,7.294667516464839,83880.1568208144,0.9871040658417133,0.9757150723041701,0.9987684729064039
2017-07-14,603777.SH,33.902,34.215,33.599,33.69,1958882.0,-1.214,33.838,1.01,3.265,3.265,0,交易,10.318529862174577,10.383460949464013,58301.79469627073,0.9889814408884992,0.9819962004968579,1.0043929949539925
2017-07-17,603777.SH,33.316,33.346,30.388,30.631,4259193.0,-9.08,31.672,1.01,7.099,7.099,0,交易,4.314833075080998,4.693055359909847,140160.35935237593,0.9497990763509867,0.9112937083908116,1.033985178414025
2017-07-18,603777.SH,30.297,31.792,30.297,31.67,2758656.0,3.395,31.269,1.01,4.598,4.598,0,交易,6.8877772944758595,6.58916920400174,91053.76769977226,0.9835493205837945,0.9529755913437342,0.9873381749289547
2017-07-19,603777.SH,31.499,31.953,31.004,31.741,2314400.0,0.223,31.494,1.01,3.857,3.857,0,交易,8.229452942701581,8.166709878143633,74648.43246032769,0.985635151628955,0.9703001283134605,0.9922182665952554
2017-07-20,603777.SH,31.782,32.286,31.519,31.62,2492700.0,-0.382,31.899,1.01,4.154,4.154,0,交易,7.611940298507463,7.650938854116514,79085.63088930487,0.9880133804125627,0.976243573065725,1.0088235294117647
2017-07-21,603777.SH,31.61,32.004,31.499,31.61,1565688.0,-0.032,31.679,1.01,2.609,2.609,0,交易,12.115753162131085,12.115753162131085,49705.95891933078,0.9898450193725784,0.9842207224096988,1.0021828535273647
2017-07-24,603777.SH,31.075,32.266,31.075,32.135,2302714.0,1.661,31.839,1.01,3.838,3.838,0,交易,8.372850442939031,8.09666492965086,74101.81818181818,0.9867662555011467,0.9630880803322382,0.9907888594989886
2017-07-25,603777.SH,32.084,32.609,32.004,32.307,1958455.0,0.534,32.295,1.01,3.264,3.264,0,交易,9.897977941176471,9.8296568627451,61194.06949131359,0.9903707565396056,0.9814468398294948,0.9996285634692171
2017-07-26,603777.SH,32.407,32.71,31.559,31.822,1947600.0,-1.5,31.957,1.01,3.246,3.246,0,交易,9.803450400492913,9.983672211953172,61712.98203365126,0.9769795169672882,0.9648119841027208,1.0042423480610898
2017-07-27,603777.SH,31.408,33.245,31.368,32.943,3708348.0,3.522,32.608,1.01,6.181,6.181,0,交易,5.32972011001456,5.0813784177317585,118220.73450650345,0.9808392239434501,0.9435403820123327,0.9898309200740673
2017-07-28,603777.SH,32.72,33.094,32.508,32.559,2089959.0,-1.165,32.756,1.01,3.483,3.483,0,交易,9.347975882859602,9.39420040195234,64290.60538944259,0.9897866682782377,0.982292862754578,1.006050554378206
2017-07-31,603777.SH,32.458,32.781,32.377,32.549,1303270.0,-0.031,32.556,1.01,2.172,2.172,0,交易,14.985727440147329,14.943830570902392,40252.957346264324,0.9931362679600988,0.987675787803911,1.0002150603705182
2017-08-01,603777.SH,32.609,32.731,32.155,32.347,1567456.0,-0.62,32.35,1.01,2.612,2.612,0,交易,12.383996937212864,12.484303215926493,48746.882288913075,0.9883596590388317,0.9824020042161865,1.000092744303954
2017-08-02,603777.SH,32.347,32.478,31.408,31.549,2286195.0,-2.466,31.714,1.01,3.81,3.81,0,交易,8.280577427821521,8.490026246719161,72790.21268466633,0.9764763840137939,0.9670546215899993,1.0052299597451584
2017-08-03,603777.SH,31.549,32.084,31.398,31.701,1532603.0,0.48,31.771,1.01,2.554,2.554,0,交易,12.412294440093971,12.35277995301488,48812.12179119689,0.9902443585587831,0.9786186261064704,1.0022081322355763
2017-08-04,603777.SH,31.65,31.903,31.317,31.337,1449590.0,-1.146,31.529,1.01,2.416,2.416,0,交易,12.970612582781458,13.100165562913906,46287.639301337935,0.9882769645487886,0.981631821458797,1.0061269425918244
2017-08-07,603777.SH,31.489,31.862,31.317,31.549,928116.0,0.677,31.587,1.01,1.547,1.547,0,交易,20.393665158371043,20.354880413703945,29636.172047130953,0.9913690289372921,0.9828949846211789,1.0012044755776728
2017-08-08,603777.SH,31.529,31.711,31.166,31.6,1319900.0,0.16,31.425,1.01,2.2,2.2,0,交易,14.363636363636363,14.331363636363635,42350.6385163319,0.9909810475860112,0.9828135347355808,0.9944620253164557
2017-08-09,603777.SH,31.539,32.216,31.398,31.903,1982595.0,0.958,31.83,1.01,3.304,3.304,0,交易,9.65587167070218,9.545702179176756,63143.99006306134,0.9880183759622547,0.9746088899925502,0.9977118139359935
2017-08-10,603777.SH,31.893,32.054,31.176,31.358,1772882.0,-1.709,31.618,1.01,2.955,2.955,0,交易,10.611844331641286,10.792893401015228,56866.88478316654,0.9863979534535471,0.9726087227803081,1.0082913451112954
2017-08-11,603777.SH,31.135,31.519,30.752,30.853,1428700.0,-1.61,31.125,1.01,2.381,2.381,0,交易,12.958000839983201,13.076438471230578,46458.766909469305,0.9874996034138139,0.9756654716202925,1.0088159984442355
2017-08-14,603777.SH,30.863,31.398,30.792,31.307,1374158.0,1.473,31.178,1.01,2.29,2.29,0,交易,13.67117903930131,13.477292576419213,44627.11093790595,0.9929931842792535,0.98069940760558,0.995879515763248
2017-08-15,603777.SH,31.388,31.862,31.095,31.479,2380499.0,0.548,31.462,1.01,3.967,3.967,0,交易,7.935215528106881,7.91227627930426,76555.68419360026,0.9874458602724249,0.9759274370723746,0.9994599574319387
2017-08-16,603777.SH,31.297,32.125,31.216,32.014,2710448.0,1.7,31.76,1.01,4.517,4.517,0,交易,7.0874474208545495,6.928713748062873,86828.80574064582,0.9886381322957198,0.971704280155642,0.9920659711376273
2017-08-17,603777.SH,31.852,32.206,31.63,32.034,2228109.0,0.063,31.898,1.01,3.714,3.714,0,交易,8.625201938610662,8.57619816908993,70442.90230793551,0.990436564615289,0.982115133825995,0.9957545108322408
2017-08-18,603777.SH,31.852,33.114,31.529,32.347,3388300.0,0.977,32.242,1.01,5.647,5.647,0,交易,5.728174251815123,5.640517088719674,107466.1422817089,0.9736667270640816,0.9521350486199192,0.9967539493616099
2017-08-21,603777.SH,32.195,32.69,32.024,32.508,2392300.0,0.499,32.391,1.01,3.987,3.987,0,交易,8.153498871331829,8.07499372962127,74703.34748938296,0.9908534720097889,0.9796267971856838,0.9964008859357695
2017-08-22,603777.SH,32.589,33.306,32.185,32.902,4105135.0,1.211,32.734,1.01,6.842,6.842,0,交易,4.808827828120433,4.7630809704764685,127548.08140438091,0.9828259172521469,0.9663424007686304,0.9948939274208255
2017-08-23,603777.SH,32.751,32.751,32.014,32.165,2692557.0,-2.24,32.399,1.01,4.488,4.488,0,交易,7.166889483065953,7.297459893048127,84105.61004560503,0.9892522365729292,0.9774968703245704,1.007274988341365
2017-08-24,603777.SH,32.165,32.892,32.064,32.347,3440749.0,0.565,32.5,1.01,5.735,5.735,0,交易,5.640278988666085,5.6085440278988665,107308.78867265469,0.9880822084397421,0.9748267055819043,1.004729959501654
2017-08-25,603777.SH,31.953,32.69,31.913,32.65,3044081.0,0.936,32.39,1.01,5.073,5.073,0,交易,6.436033904987187,6.298639858072146,95386.86428728105,0.990822881615173,0.9762312633832977,0.9920367534456356
2017-08-28,603777.SH,32.953,33.69,32.63,33.326,5171285.0,2.072,33.137,1.01,8.619,8.619,0,交易,3.8665738484743013,3.823297366283792,158482.5314128103,0.9835856337192046,0.9685366577619473,0.9943287523255117
2017-08-29,603777.SH,33.276,35.254,33.033,33.69,6689231.0,1.091,34.082,1.01,11.149,11.149,0,交易,3.021795676742309,2.984662301551709,202501.46822874094,0.9667555454700176,0.9370000567311512,1.011635500148412
2017-08-30,603777.SH,33.114,33.316,32.811,32.902,4155997.0,-2.337,33.024,1.01,6.927,6.927,0,交易,4.749819546701314,4.78042442615851,126664.74657889122,0.9912354424300636,0.9848421179013086,1.0037079812777339
2017-08-31,603777.SH,32.862,33.437,32.801,33.225,2693047.0,0.982,33.156,1.01,4.488,4.488,0,交易,7.40307486631016,7.322192513368984,82102.58833572146,0.9915961360169872,0.9809791548284835,0.997923250564334
2017-09-01,603777.SH,33.791,33.821,32.912,33.044,2708277.0,-0.547,33.216,1.01,4.514,4.514,0,交易,7.320336730172794,7.48582188746123,82288.435828877,0.9821117057449514,0.973123207474646,1.005205180970827
2017-09-04,603777.SH,32.872,33.286,32.579,32.963,2327942.0,-0.244,32.936,1.01,3.88,3.88,0,交易,8.495618556701032,8.472164948453608,71455.29328708677,0.9894850687976927,0.9787598389713393,0.9991808997967417
2017-09-05,603777.SH,32.912,33.064,32.589,32.67,2377400.0,-0.888,32.782,1.01,3.962,3.962,0,交易,8.245835436648157,8.306915699141847,72950.99573475713,0.9914710863779336,0.9856339220904912,1.0034282216100396
2017-09-06,603777.SH,32.66,32.67,31.903,32.256,3015342.0,-1.267,32.196,1.01,5.026,5.026,0,交易,6.417827298050139,6.498209311579784,94515.9389399116,0.9854912764003672,0.976522803795531,0.9981398809523809
2017-09-07,603777.SH,32.226,32.751,32.125,32.367,2382528.0,0.344,32.474,1.01,3.971,3.971,0,交易,8.150843616217577,8.115336187358348,74164.29571984436,0.991542242984947,0.9808860798143569,1.0033058361911824
2017-09-08,603777.SH,32.246,32.478,31.923,32.125,1857716.0,-0.749,32.16,1.01,3.096,3.096,0,交易,10.376291989664082,10.415374677002584,58193.65347868308,0.9902087566968408,0.9829115093293921,1.001089494163424
2017-09-11,603777.SH,32.064,32.993,31.953,32.922,3166816.0,2.483,32.625,1.01,5.278,5.278,0,交易,6.237589996210686,6.0750284198560065,99108.56570588051,0.9888461188737004,0.9684781620343709,0.9909786768726081
2017-09-12,603777.SH,32.922,33.003,32.195,32.246,2697357.0,-2.055,32.511,1.01,4.496,4.496,0,交易,7.172153024911032,7.322508896797151,83781.86053735051,0.9850922643396056,0.9755173772081326,1.0082180735595112
2017-09-13,603777.SH,32.145,32.71,32.074,32.619,1657868.0,1.158,32.462,1.01,2.763,2.763,0,交易,11.805646036916395,11.634093376764389,51688.8445469851,0.9924182207276063,0.9805564047691836,0.9951868542873786
2017-09-14,603777.SH,32.569,32.751,32.155,32.276,1604700.0,-1.052,32.416,1.01,2.674,2.674,0,交易,12.070306656694093,12.17988032909499,49905.146944487635,0.9897713046929865,0.9818020823791641,1.0043375883009045
2017-09-15,603777.SH,32.498,32.498,31.953,32.034,1510300.0,-0.751,32.106,1.01,2.517,2.517,0,交易,12.727056019070321,12.9114024632499,47266.297374268455,0.9879377192442613,0.9832297372145978,1.0022476119123431
2017-09-18,603777.SH,31.963,32.973,31.933,32.862,2730547.0,2.584,32.546,1.01,4.551,4.551,0,交易,7.2208305866842455,7.023291584267194,85508.62743869978,0.9870500106147454,0.9684590422466867,0.9903840301868418
2017-09-19,603777.SH,33.074,33.134,32.559,32.67,2539957.0,-0.584,32.8,1.01,4.233,4.233,0,交易,7.717930545712262,7.813371131585164,78010.90328327038,0.9899197199251523,0.9826462244220437,1.0039791857973674
2017-09-20,603777.SH,32.771,32.963,32.407,32.943,1988472.0,0.834,32.713,1.01,3.314,3.314,0,交易,9.94055522027761,9.888654194327097,61359.335945937615,0.9924157388587204,0.983132603221794,0.9930182436329419
2017-09-21,603777.SH,32.963,34.093,32.741,33.579,7471298.0,1.931,33.659,1.01,12.452,12.452,0,交易,2.6966752328943144,2.647205268230003,228193.946428026,0.9872701140996685,0.9603437655823776,1.0023824414068316
2017-09-22,603777.SH,33.589,33.781,33.074,33.215,3715647.0,-1.082,33.379,1.01,6.193,6.193,0,交易,5.363313418375586,5.423704182141127,112343.44197859346,0.9880998194251206,0.9790710754566176,1.0049375282251993
2017-09-25,603777.SH,33.114,33.215,31.297,31.539,4709857.0,-5.046,32.231,1.01,7.85,7.85,0,交易,4.017707006369427,4.218343949044586,150489.0884110298,0.9703748306488033,0.9422550052687039,1.0219410888106788
2017-09-26,603777.SH,31.297,31.66,31.065,31.6,2078891.0,0.192,31.305,1.01,3.465,3.465,0,交易,9.11976911976912,9.032323232323233,66920.68244004506,0.9887871130764372,0.9812065698041693,0.9906645569620253
2017-09-27,603777.SH,31.6,31.731,31.347,31.63,1269144.0,0.096,31.58,1.01,2.115,2.115,0,交易,14.955082742316783,14.940898345153663,40486.93654895205,0.9952412467303267,0.9878982698307649,0.9984192222573506
2017-09-28,603777.SH,31.559,31.58,31.186,31.206,1661289.0,-1.341,31.367,1.01,2.769,2.769,0,交易,11.269772481040086,11.397255326832791,53270.34566792792,0.9932552248258392,0.9875237492083597,1.0051592642440557
2017-09-29,603777.SH,31.206,31.731,31.196,31.469,1470848.0,0.841,31.434,1.01,2.451,2.451,0,交易,12.839249286005712,12.731946144430845,47148.608795999484,0.9906400680722321,0.9831395165610917,0.9988877943372843
2017-10-09,603777.SH,31.802,31.883,31.479,31.66,1467800.0,0.61,31.64,1.01,2.446,2.446,0,交易,12.94358135731807,13.001635322976286,46627.9106706058,0.9923783834645423,0.9873286704513377,0.9993682880606444
2017-10-10,603777.SH,31.6,32.206,31.509,32.074,2037599.0,1.307,31.884,1.01,3.396,3.396,0,交易,9.444640753828033,9.305064782096585,64667.20619505538,0.9900018630068931,0.9783580699248586,0.9940761987902975
2017-10-11,603777.SH,31.983,32.589,31.711,32.125,2540619.0,0.157,32.189,1.01,4.234,4.234,0,交易,7.587387812942843,7.55384978743505,80117.90861215352,0.9877259197888859,0.9730583939366044,1.0019922178988327
2017-10-12,603777.SH,32.054,33.548,31.913,32.973,6020262.0,2.64,33.003,1.01,10.034,10.034,0,交易,3.2861271676300574,3.194538568865856,188646.069000094,0.9837546202456182,0.9512638607368546,1.0009098353198072
2017-10-13,603777.SH,32.559,33.821,32.468,33.639,6438374.0,2.021,33.335,1.01,10.731,10.731,0,交易,3.1347497903270902,3.0341067934022923,198299.06369348278,0.9856302297389197,0.9599952692114369,0.9909628704777192
2017-10-16,603777.SH,33.508,33.508,32.347,32.468,4012307.0,-3.481,32.866,1.01,6.687,6.687,0,交易,4.855391057275311,5.010916704052639,124039.53998825238,0.980840396323266,0.9653515578369344,1.0122582234815818
2017-10-17,603777.SH,32.549,35.719,32.407,35.719,5710477.0,10.012,34.902,1.01,9.517,9.517,0,交易,3.7531785226436907,3.420090364610697,176211.21979819177,0.9771270192334611,0.907276239536381,0.9771270192334611
2017-10-18,603777.SH,36.345,37.476,35.133,35.204,16997261.0,-1.441,36.254,1.01,28.329,28.329,0,交易,1.2426841752267994,1.282960923435349,483797.5977001679,0.9673924645106201,0.9374799871918028,1.0298261561186228
2017-10-19,603777.SH,33.538,34.881,33.195,34.598,9494026.0,-1.721,33.954,1.01,15.823,15.823,0,交易,2.1865638627314667,2.119572773810276,286007.71200482,0.9734239270663112,0.9516642298099252,0.9813862072952194
2017-10-20,603777.SH,33.922,34.104,33.367,33.427,6258201.0,-3.385,33.606,1.01,10.43,10.43,0,交易,3.204889741131352,3.2523489932885905,187556.59783618548,0.9853976073187897,0.9783896317147548,1.0053549525832413
2017-10-23,603777.SH,32.993,34.275,32.912,34.255,6822307.0,2.477,33.895,1.01,8.747,8.747,0,交易,3.9161998399451243,3.771921801760604,207289.34735051045,0.988913202042305,0.9602334062727936,0.9894905853160123
2017-10-24,603777.SH,34.104,35.022,33.73,34.861,7632700.0,1.768,34.352,1.01,9.786,9.786,0,交易,3.562333946454118,3.4849785407725324,226288.17076786247,0.9808691679515732,0.9631089029752726,0.9853991566506984
2017-10-25,603777.SH,34.881,35.123,34.245,34.719,5574019.0,-0.405,34.615,1.01,7.146,7.146,0,交易,4.858522250209908,4.881192275398825,162768.8421667397,0.9855365430060076,0.9750021353529027,0.9970045220196434
2017-10-26,603777.SH,34.629,35.022,33.952,34.053,4747259.0,-1.919,34.447,1.01,6.086,6.086,0,交易,5.595300690108445,5.689944134078211,139822.66140433555,0.9835817486151563,0.9694477756838559,1.0115701993950608
2017-10-27,603777.SH,34.023,34.629,33.478,34.225,5772484.0,0.504,34.033,1.01,7.401,7.401,0,交易,4.624375084448048,4.597081475476288,172426.19033395065,0.982788991885414,0.9667619625169657,0.9943900657414171
2017-10-30,603777.SH,33.831,34.073,31.358,32.276,4464975.0,-5.693,32.842,1.01,5.724,5.724,0,交易,5.638714185883997,5.910377358490567,142387.11014733082,0.9638716872597071,0.9203181404631233,1.017536249845086
2017-10-31,603777.SH,32.276,32.811,31.741,32.347,3262268.0,0.219,32.26,1.01,4.182,4.182,0,交易,7.73481587757054,7.717838354854137,102777.73227056488,0.9832068513608241,0.9673889854012374,0.9973104151853339
2017-11-01,603777.SH,32.448,32.579,32.004,32.034,2498348.0,-0.968,32.254,1.01,3.203,3.203,0,交易,10.001248829222604,10.130502653762099,78063.61704786902,0.9900242487491941,0.9823505939408821,1.006867703065493
2017-11-02,603777.SH,32.034,32.286,31.539,31.933,3071012.0,-0.315,31.916,1.01,3.937,3.937,0,交易,8.110998221996445,8.136652273304547,97371.8887726307,0.9885399244254476,0.9768630366102955,0.9994676353615383
2017-11-03,603777.SH,31.903,32.074,31.65,31.983,2265540.0,0.158,31.866,1.01,2.905,2.905,0,交易,11.009638554216869,10.98209982788296,71581.04265402844,0.993514996570431,0.9867805699320322,0.9963418065847481
2017-11-06,603777.SH,32.226,33.609,32.054,33.498,4946393.0,4.735,32.944,1.01,6.342,6.342,0,交易,5.281929990539262,5.081362346263009,154314.37574093716,0.9802136332529977,0.9537326311404684,0.9834616992059229
2017-11-07,603777.SH,33.104,33.972,33.074,33.791,5657451.0,0.874,33.518,1.01,7.253,7.253,0,交易,4.658899765614228,4.564180339169998,171054.33270847192,0.986636053220299,0.973566466501825,0.9919209256902727
2017-11-08,603777.SH,33.77,34.184,33.417,33.791,4681831.0,0.0,33.762,1.01,6.002,6.002,0,交易,5.6299566811062975,5.626457847384206,140103.2707903163,0.9876550432951089,0.9775626023870818,0.999141783315084
2017-11-09,603777.SH,33.922,34.629,33.498,33.629,5977481.0,-0.478,33.979,1.01,7.663,7.663,0,交易,4.388490147461829,4.426725825394754,178442.9219654905,0.9812296052441596,0.9673395131248376,1.010407683844301
2017-11-10,603777.SH,33.639,33.639,32.751,32.862,4707551.0,-2.282,32.994,1.01,6.035,6.035,0,交易,5.445236122618062,5.573985086992544,143737.62633202042,0.9808258271648977,0.9736020690270221,1.0040167975168888
2017-11-13,603777.SH,32.67,32.852,32.337,32.478,2799480.0,-1.167,32.526,1.01,3.589,3.589,0,交易,9.04931735859571,9.102814154360546,86572.03822246961,0.9900767076585902,0.9843236332643372,1.001477923517458
2017-11-14,603777.SH,32.478,32.943,32.034,32.206,2938418.0,-0.839,32.506,1.01,3.767,3.767,0,交易,8.549508893018318,8.621714892487391,91728.10139227072,0.9867346629025894,0.9724068846188872,1.0093150344656274
2017-11-15,603777.SH,32.155,32.458,32.034,32.357,2054014.0,0.47,32.244,1.01,2.633,2.633,0,交易,12.289023927079377,12.212305355108242,64119.81020166074,0.9934068642553454,0.9869369646928339,0.9965077108508206
2017-11-16,603777.SH,32.307,32.549,32.105,32.307,1763257.0,-0.156,32.373,1.01,2.261,2.261,0,交易,14.288810260946484,14.288810260946484,54921.56984893319,0.9945927678269685,0.9863590279271252,1.0020429009193053
2017-11-17,603777.SH,32.478,32.478,30.358,30.469,4192803.0,-5.688,31.148,1.01,5.375,5.375,0,交易,5.668651162790698,6.042418604651163,138111.96389748994,0.959049202537102,0.9347250446456062,1.0222849453542944
2017-11-20,603777.SH,30.186,30.58,28.581,30.308,2081484.0,-0.53,30.018,1.01,2.669,2.669,0,交易,11.355563881603597,11.309853877856876,72827.542773171,0.9816219751471551,0.9346304774362328,0.9904315692226475
2017-11-21,603777.SH,30.409,31.065,28.268,30.711,2822600.0,1.332,30.275,1.01,3.619,3.619,0,交易,8.486045869024592,8.402597402597403,99851.422102731,0.9745694511508127,0.909962980846612,0.9858031324281202
2017-11-22,603777.SH,30.742,30.792,29.833,30.065,1553600.0,-2.104,30.295,1.01,1.992,1.992,0,交易,15.092871485943776,15.43273092369478,52076.55951463145,0.9838594440114315,0.9688555468952974,1.007650091468485
2017-11-23,603777.SH,30.065,30.287,28.955,29.035,2173999.0,-3.425,29.383,1.01,2.787,2.787,0,交易,10.418012199497667,10.787585217079297,75081.98929373166,0.9701522105193647,0.9560207349687985,1.0119855346995006
2017-11-24,603777.SH,28.945,29.601,28.773,29.187,1251220.0,0.522,29.197,1.01,1.604,1.604,0,交易,18.19638403990025,18.045511221945137,43485.906926632604,0.986351812438769,0.9720279720279721,1.000342618288964
2017-11-27,603777.SH,29.157,29.429,28.268,28.42,1158200.0,-2.629,28.788,1.01,1.485,1.485,0,交易,19.13804713804714,19.63434343434343,40972.12395641715,0.9782187638044106,0.9605491182167251,1.0129486277269528
2017-11-28,603777.SH,28.42,28.733,28.298,28.702,1041132.0,0.995,28.523,1.01,1.335,1.335,0,交易,21.499625468164798,21.288389513108616,36791.71672909747,0.9926913305258761,0.984860613232172,0.9937635008013378
2017-11-29,603777.SH,28.531,28.773,27.329,28.49,2423220.0,-0.739,28.168,1.01,3.107,3.107,0,交易,9.169616993884775,9.182813002896683,88668.44743678876,0.9789733430646786,0.949814061794043,0.9886977886977887
2017-11-30,603777.SH,28.369,28.369,27.965,28.107,1080568.0,-1.347,28.166,1.01,1.385,1.385,0,交易,20.293862815884477,20.48303249097473,38640.01430359378,0.9928443018788115,0.9857591032465015,1.0020991212153556
2017-12-01,603777.SH,27.945,28.349,27.945,28.177,739273.0,0.251,28.183,1.01,0.948,0.948,0,交易,29.72257383966245,29.477848101265824,26454.57147969225,0.9941444142650534,0.9857490564041059,1.0002129396316144
2017-12-04,603777.SH,28.066,28.177,27.077,27.218,1532491.0,-3.404,27.556,1.01,1.965,1.965,0,交易,13.851399491094147,14.28295165394402,56597.51818886878,0.9779607481279058,0.9609610675373532,1.012418252626938
2017-12-05,603777.SH,27.218,27.44,25.876,26.249,2637200.0,-3.561,26.469,1.01,3.381,3.381,0,交易,7.763679384797397,8.050280981958002,101916.83413201422,0.9646137026239067,0.9430029154518951,1.0083812716674923
2017-12-06,603777.SH,26.249,26.623,26.128,26.512,1138668.0,1.0,26.406,1.01,1.46,1.46,0,交易,18.15890410958904,17.97876712328767,43580.37354562156,0.9918491529880178,0.9814070540510085,0.9960018105009052
2017-12-07,603777.SH,26.552,26.855,26.451,26.572,793600.0,0.228,26.649,1.01,1.017,1.017,0,交易,26.127826941986235,26.10816125860374,30002.646402782502,0.992329175200149,0.98495624650903,1.0028977871443625
2017-12-08,603777.SH,26.512,28.571,26.512,28.056,2670587.0,5.585,27.655,1.01,3.424,3.424,0,交易,8.19392523364486,7.742990654205608,100731.25377187689,0.9679395190927864,0.9279339190087851,0.9857071571143428
2017-12-11,603777.SH,27.975,28.248,27.461,27.763,1898768.0,-1.044,27.793,1.01,2.434,2.434,0,交易,11.4063270336894,11.49342645850452,69144.1680929318,0.9838926649674312,0.9721396205041064,1.0010805748658285
2017-12-12,603777.SH,27.622,27.824,27.127,27.289,1396767.0,-1.709,27.355,1.01,1.791,1.791,0,交易,15.23673925181463,15.422668900055836,51489.9177940797,0.9831440483036227,0.9749496837262793,1.0024185569276998
2017-12-13,603777.SH,27.38,27.693,27.259,27.461,865100.0,0.629,27.432,1.01,1.109,1.109,0,交易,24.761947700631197,24.688908926961226,31736.30727466158,0.9905752356191094,0.9843281695735384,0.9989439568843087
2017-12-14,603777.SH,27.36,27.834,26.966,27.723,1526893.0,0.956,27.481,1.01,1.958,1.958,0,交易,14.158835546475995,13.97344228804903,56622.89549803456,0.9873176690378674,0.9688151182007617,0.9912707859899723
2017-12-15,603777.SH,27.763,28.187,27.279,27.612,1636420.0,-0.401,27.78,1.01,2.098,2.098,0,交易,13.161105815061964,13.233079122974264,59988.26936471278,0.9855607194806116,0.9677865682761556,1.006084311169057
2017-12-18,603777.SH,27.531,27.844,26.3,26.734,1364400.0,-3.181,26.862,1.01,1.749,1.749,0,交易,15.285305889079474,15.7409948542024,51878.32699619772,0.9647320787243211,0.9445481970981181,1.0047879105259219
2017-12-19,603777.SH,26.623,27.329,26.623,26.966,914700.0,0.869,27.076,1.01,1.173,1.173,0,交易,22.988917306052855,22.696504688832054,34357.510423318185,0.990742434776245,0.9741666361740277,1.0040792108581176
2017-12-20,603777.SH,27.117,27.541,26.865,27.329,1599600.0,1.348,27.298,1.01,2.051,2.051,0,交易,13.32471964895173,13.2213554363725,59542.15522054718,0.9911767909661958,0.9754547765150139,0.9988656738263383
2017-12-21,603777.SH,27.289,27.39,26.572,26.855,1125800.0,-1.736,26.957,1.01,1.443,1.443,0,交易,18.61053361053361,18.911295911295912,42367.906066536205,0.9841913106973348,0.9701350857977363,1.003798175386334
2017-12-22,603777.SH,27.259,27.259,26.724,26.855,707700.0,0.0,26.97,1.01,0.907,0.907,0,交易,29.608599779492835,30.054024255788313,26481.814099685675,0.9893979969918192,0.9803734546388349,1.0042822565630236
2017-12-25,603777.SH,26.461,26.845,25.744,25.825,1740500.0,-3.835,26.073,1.01,2.231,2.231,0,交易,11.575526669654863,11.860600627521292,67607.98632691112,0.9712423170050289,0.9589867759359285,1.0096030977734753
2017-12-26,603777.SH,25.663,26.744,25.663,26.491,1492891.0,2.58,26.343,1.01,1.914,1.914,0,交易,13.840647857889238,13.408045977011495,58172.89482913144,0.9850059826503141,0.9595797188154352,0.994413196934808
2017-12-27,603777.SH,26.734,26.996,26.3,26.421,1388100.0,-0.267,26.621,1.01,1.78,1.78,0,交易,14.843258426966292,15.019101123595506,52779.467680608366,0.9861090531930656,0.9742184027263299,1.0075697361946936
2017-12-28,603777.SH,26.259,29.066,26.259,27.471,3487339.0,3.974,27.957,1.01,4.471,4.471,0,交易,6.144263028405279,5.873182733169314,132805.47621767776,0.9618454551709902,0.9034266840982592,1.0176913836409305
2017-12-29,603777.SH,27.107,27.259,26.673,27.006,1989168.0,-1.691,26.961,1.01,2.55,2.55,0,交易,10.590588235294119,10.630196078431373,74576.08817905748,0.9890678308081734,0.9785025129315088,0.9983337036214174
2018-01-02,603777.SH,27.158,27.158,26.703,26.976,1426027.0,-0.112,26.919,1.01,1.828,1.828,0,交易,14.757111597374179,14.856673960612692,53403.25057109688,0.991199646512998,0.9832461889682598,0.9978870106761566
2018-01-03,603777.SH,26.956,27.218,26.855,27.117,1362190.0,0.524,27.045,1.01,1.746,1.746,0,交易,15.530927835051546,15.438717067583047,50723.88754421895,0.9936439121169814,0.9866632375633771,0.9973448390308662
2018-01-04,603777.SH,26.865,27.814,26.865,27.461,2034168.0,1.266,27.363,1.01,2.608,2.608,0,交易,10.5295245398773,10.300996932515336,75718.14628699051,0.9837851441719997,0.9658804918386423,0.9964313025745604
2018-01-05,603777.SH,27.38,27.632,27.168,27.259,1171386.0,-0.735,27.344,1.01,1.502,1.502,0,交易,18.148468708388815,18.229027962716376,43116.38692579506,0.9895773016792125,0.9832078749276201,1.0031182361788766
2018-01-08,603777.SH,27.077,27.541,27.026,27.259,1144529.0,0.0,27.227,1.01,1.467,1.467,0,交易,18.581458759372868,18.4573960463531,42349.18226892622,0.9885988163102284,0.9813006063686867,0.9988260757914817
2018-01-09,603777.SH,27.259,27.673,27.077,27.572,1900516.0,1.148,27.472,1.01,2.437,2.437,0,交易,11.313910545752975,11.185473943373001,70189.31196218192,0.9927366024644962,0.9784627615365159,0.996373132163064
2018-01-10,603777.SH,27.592,27.612,26.875,27.016,1446000.0,-2.014,27.187,1.01,1.854,1.854,0,交易,14.571736785329017,14.882416396979503,53804.651162790695,0.9846081413878025,0.9733087063595539,1.0063295824696477
2018-01-11,603777.SH,27.037,27.208,26.572,27.137,1296900.0,0.448,26.915,1.01,1.663,1.663,0,交易,16.318099819603127,16.257967528562837,48807.014902905314,0.9892311084975007,0.9766245221993531,0.9918192873198953
2018-01-12,603777.SH,27.097,27.39,26.946,26.966,1280800.0,-0.632,27.174,1.01,1.642,1.642,0,交易,16.422655298416565,16.50243605359318,47532.101239516065,0.9921139101861993,0.983789704271632,1.0077134168953497
2018-01-15,603777.SH,26.471,26.946,25.845,26.037,1459895.0,-3.444,26.373,1.01,1.872,1.872,0,交易,13.908653846153845,14.140491452991451,56486.554459276456,0.9787352482743265,0.9591405032286795,1.0129047125244846
2018-01-16,603777.SH,25.825,26.552,25.825,26.38,953230.0,1.318,26.328,1.01,1.222,1.222,0,交易,21.587561374795417,21.133387888707038,36911.132623426915,0.991563724013257,0.9726197649894547,0.9980288097043215
2018-01-17,603777.SH,26.4,26.703,26.168,26.552,1290600.0,0.651,26.484,1.01,1.655,1.655,0,交易,16.043504531722053,15.951661631419938,49319.77988382758,0.9917986743062578,0.9799647979627757,0.9974389876468817
2018-01-18,603777.SH,26.643,26.915,26.411,26.613,821800.0,0.228,26.654,1.01,1.054,1.054,0,交易,25.24952561669829,25.27798861480076,31115.822952557646,0.9903028051272524,0.9812743823146944,1.0015406004584226
2018-01-19,603777.SH,26.411,27.026,26.411,26.602,1098194.0,-0.038,26.749,1.01,1.408,1.408,0,交易,18.89346590909091,18.757812500000004,41580.93218734618,0.9897506105231998,0.9772441352771406,1.0055259003082475
2018-01-22,603777.SH,26.734,27.642,26.128,27.309,2273089.0,2.657,26.943,1.01,2.914,2.914,0,交易,9.371654083733699,9.17433081674674,86998.20116350276,0.9747123941827655,0.94522827581217,0.9865978248928925
2018-01-23,603777.SH,27.158,27.582,27.006,27.137,1411557.0,-0.628,27.145,1.01,1.81,1.81,0,交易,14.99281767955801,15.004419889502763,52268.273716951786,0.9841563338409107,0.9791168153143354,1.0002948004569407
2018-01-24,603777.SH,27.107,27.45,27.026,27.208,1394000.0,0.26,27.296,1.01,1.787,1.787,0,交易,15.225517627308339,15.16899832120873,51579.96003848146,0.9943897996357013,0.9845537340619308,1.0032343428403412
2018-01-25,603777.SH,27.208,27.461,26.966,26.986,1272578.0,-0.816,27.247,1.01,1.632,1.632,0,交易,16.535539215686278,16.67156862745098,47191.94541274197,0.992207130111795,0.9819744364735444,1.009671681612688
2018-01-26,603777.SH,26.905,27.521,26.804,27.168,1434917.0,0.673,27.259,1.01,1.84,1.84,0,交易,14.765217391304347,14.622282608695652,53533.68900164155,0.9904799970931288,0.9739471676174557,1.0033495288574794
2018-01-29,603777.SH,27.137,27.743,26.885,26.996,1338186.0,-0.632,27.27,1.01,1.716,1.716,0,交易,15.731934731934732,15.814102564102564,49774.44671750046,0.9829506542190823,0.9690732797462424,1.0101496518002668
2018-01-30,603777.SH,26.956,27.713,26.3,27.269,2295093.0,1.01,27.218,1.01,2.942,2.942,0,交易,9.268864717878992,9.162474507138,87265.89353612167,0.9821383466243279,0.9490130985458088,0.9981297443984012
2018-01-31,603777.SH,27.279,29.126,26.764,27.461,3925429.0,0.703,27.836,1.01,5.033,5.033,0,交易,5.456189151599443,5.420027816411682,146668.24839336422,0.9557096752042847,0.9189040719631943,1.0136557299442845
2018-02-01,603777.SH,26.925,27.208,24.714,24.714,3271929.0,-10.0,26.171,1.01,4.195,4.195,0,交易,5.89129916567342,6.418355184743742,132391.72129157564,0.9618862099382535,0.9083357835930609,1.058954438779639
2018-02-02,603777.SH,24.23,24.23,22.322,23.261,2482434.0,-5.882,23.382,1.01,3.183,3.183,0,交易,7.307885642475652,7.612315425699027,111210.1962189768,0.9650020635575733,0.9212546430045397,1.0052018399896825
2018-02-05,603777.SH,22.877,23.402,22.433,23.028,1050456.0,-0.998,23.185,1.01,1.347,1.347,0,交易,17.09576837416481,16.983667409057162,46826.37186288058,0.9907272882659601,0.9585932826254165,1.006817787041862
2018-02-06,603777.SH,22.827,22.827,20.727,20.727,2942006.0,-9.996,21.493,1.01,3.772,3.772,0,交易,5.4949628844114535,6.051696712619301,141940.7536064071,0.9415604328207823,0.9080036798528058,1.03695662662228
2018-02-07,603777.SH,21.423,21.807,20.373,21.11,2085900.0,1.851,21.116,1.01,2.674,2.674,0,交易,7.894540014958863,8.011593118922962,102385.51023413341,0.9683129270417756,0.9342412986655663,1.000284225485552
2018-02-08,603777.SH,20.999,21.403,20.777,21.393,1049068.0,1.339,21.295,1.01,1.345,1.345,0,交易,15.90557620817844,15.61263940520446,50491.79381046349,0.9949539784142412,0.970751763771434,0.9954190623101015
2018-02-09,603777.SH,20.858,21.181,20.393,20.828,2151689.0,-2.643,20.745,1.01,2.759,2.759,0,交易,7.549111997100399,7.559985501993476,105511.15578875104,0.9794155139039705,0.9627968462301119,0.9960149798348378
2018-02-12,603777.SH,20.989,21.555,20.939,21.282,1125000.0,2.181,21.256,1.01,1.442,1.442,0,交易,14.75866851595007,14.555478502080446,53727.49414967286,0.9861285084667131,0.9714219438645326,0.9987783103091815
2018-02-13,603777.SH,21.332,21.575,21.211,21.272,955100.0,-0.047,21.391,1.01,1.224,1.224,0,交易,17.37908496732026,17.4281045751634,45028.52293621234,0.9914716106604866,0.9831286210892236,1.0055942083490035
2018-02-14,603777.SH,21.322,21.534,21.12,21.312,830500.0,0.19,21.28,1.01,1.065,1.065,0,交易,20.011267605633805,20.020657276995305,39322.916666666664,0.9882046995449059,0.9807745890220118,0.9984984984984985
2018-02-22,603777.SH,21.504,21.787,21.322,21.716,1211300.0,1.895,21.575,1.01,1.553,1.573,0,交易,13.805467260012716,13.846748229233743,56809.867742238064,0.9902694267223574,0.9786569972919631,0.9935070915454042
2018-02-23,603777.SH,21.746,21.928,21.615,21.847,1186300.0,0.604,21.753,1.01,1.521,1.541,0,交易,14.177157689811812,14.297172912557528,54883.18297478603,0.9920193360087559,0.985726012404232,0.9956973497505378
2018-02-26,603777.SH,21.979,22.806,21.979,22.534,2088223.0,3.142,22.498,1.01,2.677,2.712,0,交易,8.308997050147491,8.210310048561823,95009.91855862415,0.9864947820748926,0.9637376129088836,0.9984024141297596
2018-02-27,603777.SH,22.675,22.705,22.231,22.544,1186214.0,0.045,22.52,1.01,1.521,1.541,0,交易,14.629461388708632,14.907955292570678,53358.55337141829,0.9918520149746752,0.979123541070249,0.9989354151880766
2018-02-28,603777.SH,22.504,22.504,22.11,22.362,973157.0,-0.806,22.314,1.01,1.248,1.264,0,交易,17.69145569620253,18.032051282051285,44014.33740388964,0.9915570565232847,0.9824920014219694,0.9978535014757178
2018-03-01,603777.SH,22.292,22.716,22.12,22.544,1286900.0,0.813,22.506,1.01,1.65,1.671,0,交易,13.491322561340514,13.510303030303032,58178.11934900542,0.9907554146856841,0.9737629864412749,0.9983144073811213
2018-03-02,603777.SH,22.312,22.877,22.312,22.483,970520.0,-0.269,22.514,1.01,1.244,1.26,0,交易,17.843650793650795,17.935691318327976,43497.66941556113,0.9841325348603401,0.9753027057743586,1.0013788195525508
2018-03-05,603777.SH,22.372,22.483,22.019,22.322,1164200.0,-0.718,22.21,1.01,1.493,1.512,0,交易,14.763227513227513,14.984594775619557,52872.51918797402,0.9878574923275364,0.9793621847618199,0.9949825284472719
2018-03-06,603777.SH,22.322,22.766,22.251,22.746,1426478.0,1.9,22.52,1.01,1.829,1.853,0,交易,12.275229357798164,12.204483324220886,64108.48950608961,0.989194412720724,0.9773785469559871,0.9900641871098216
2018-03-07,603777.SH,22.716,22.867,22.281,22.382,1178793.0,-1.598,22.533,1.01,1.511,1.531,0,交易,14.61920313520575,15.033752481800134,52905.749293119705,0.985393798924214,0.974373551405956,1.0067464927173622
2018-03-08,603777.SH,22.039,23.705,21.565,22.564,3428474.0,0.812,22.506,1.01,4.395,4.453,0,交易,5.067145744441949,5.014562002275314,158983.25991189427,0.9494199535962878,0.909723686985868,0.9974295337706081
2018-03-09,603777.SH,22.514,23.362,22.342,23.16,3696891.0,2.64,23.005,1.01,4.74,4.801,0,交易,4.82399500104145,4.749789029535864,165468.22128726167,0.9847187740775619,0.9563393545073196,0.993307426597582
2018-03-12,603777.SH,23.22,24.109,23.018,23.513,2892155.0,1.526,23.53,1.01,3.708,3.756,0,交易,6.260117145899894,6.2621359223300965,125647.53671040056,0.975984072338131,0.9547471898461155,1.000723004295496
2018-03-13,603777.SH,23.574,23.624,23.069,23.21,1591367.0,-1.288,23.27,1.01,2.04,2.067,0,交易,11.228834059022738,11.555882352941177,68982.92080280896,0.9850152387402642,0.976506942092787,1.002585092632486
2018-03-14,603777.SH,23.16,23.523,22.917,23.008,1369378.0,-0.87,23.152,1.01,1.756,1.778,0,交易,12.940382452193475,13.189066059225512,59753.80721734956,0.9842282021850955,0.9742379798495091,1.006258692628651
2018-03-15,603777.SH,22.907,23.099,22.211,22.403,1563957.0,-2.633,22.55,1.01,2.005,2.031,0,交易,11.030526834071884,11.424937655860349,70413.62388005943,0.9762327373479371,0.9615567773496687,1.006561621211445
2018-03-16,603777.SH,22.463,23.523,22.463,23.008,2158800.0,2.704,23.033,1.01,2.768,2.804,0,交易,8.205420827389444,8.115245664739886,96104.70551573699,0.9791693236406922,0.9549377205288442,1.0010865785813632
2018-03-19,603777.SH,22.917,23.21,22.806,22.867,1420300.0,-0.614,22.972,1.01,1.821,1.845,0,交易,12.394037940379404,12.584843492586492,62277.47084100675,0.9897457992244723,0.9825937096079276,1.0045917697992741
2018-03-20,603777.SH,22.655,22.877,22.241,22.837,1394111.0,-0.132,22.565,1.01,1.787,1.811,0,交易,12.610160132523468,12.677672076105205,62682.02868576053,0.9863618481444246,0.9721991519867116,0.9880895038752902
2018-03-21,603777.SH,22.766,23.806,22.766,23.241,3452789.0,1.768,23.35,1.01,4.427,4.484,0,交易,5.183095450490633,5.142534447707251,151664.28006676625,0.9808451650844325,0.9563135344030915,1.0046899875220516
2018-03-22,603777.SH,23.16,25.34,23.129,24.089,5040659.0,3.649,24.105,1.01,6.462,6.546,0,交易,3.6799572257867394,3.5840297121634173,217936.74607635435,0.9512628255722179,0.9127466456195739,1.0006642035783968
2018-03-23,603777.SH,22.655,23.473,21.797,21.968,3556268.0,-8.801,22.694,1.01,4.559,4.619,0,交易,4.756007793894782,4.969291511296337,163154.01202000276,0.9668129340092873,0.9285988156605463,1.0330480699198834
2018-03-26,603777.SH,21.211,22.079,20.969,21.807,2260978.0,-0.735,21.492,1.01,2.899,2.936,0,交易,7.427452316076294,7.316660917557778,107824.7889742,0.9734136509805698,0.9497259839666652,0.985555096987206
2018-03-27,603777.SH,21.908,22.403,21.908,22.16,2050581.0,1.62,22.135,1.01,2.629,2.663,0,交易,8.321441982726249,8.333206542411563,93599.64396567464,0.9880373164308353,0.9779047449002367,0.9988718411552348
2018-03-28,603777.SH,21.867,23.018,21.726,22.13,2191355.0,-0.137,22.451,1.01,2.809,2.846,0,交易,7.775825720309205,7.7846208615165535,100863.25140384793,0.9753671040055608,0.9438700147710487,1.014505196565748
2018-03-29,603777.SH,22.11,22.887,22.009,22.695,2538284.0,2.555,22.506,1.01,3.254,3.296,0,交易,6.8856189320388355,6.794714197910264,115329.3652596665,0.9833529951500852,0.9616376108708,0.9916721744877727
2018-03-30,603777.SH,22.736,23.2,22.604,23.049,2564000.0,1.557,22.982,1.01,3.287,3.33,0,交易,6.921621621621622,6.916945543048373,113431.25110599895,0.9906034482758621,0.9743103448275862,0.9970931493774133
2018-04-02,603777.SH,23.018,23.735,22.695,22.837,2048394.0,-0.92,23.036,1.01,2.626,2.66,0,交易,8.585338345864661,8.765422696115767,90257.50165234633,0.9705498209395409,0.956182852327786,1.0087139291500635
2018-04-03,603777.SH,22.413,22.806,22.231,22.544,1557598.0,-1.282,22.444,1.01,1.997,2.023,0,交易,11.143845773603559,11.223335002503756,70064.2346273222,0.9841269841269841,0.9747873366657898,0.9955642299503193
2018-04-04,603777.SH,22.705,23.786,22.463,22.867,3725794.0,1.433,23.159,1.01,4.777,4.839,0,交易,4.725563132878694,4.752983043751308,165863.59791657393,0.9736399562768013,0.9443790464979399,1.0127694931560765
2018-04-09,603777.SH,22.413,22.796,22.13,22.635,2175448.0,-1.015,22.407,1.01,2.789,2.825,0,交易,8.012389380530973,8.036213696665472,98303.11793944871,0.9829356027373224,0.970784348131251,0.9899271040424121
2018-04-10,603777.SH,22.645,23.2,22.534,23.18,3135588.0,2.409,22.944,1.01,4.02,4.072,0,交易,5.692534381139489,5.6330845771144284,139149.19676932637,0.9889655172413793,0.9712931034482758,0.9898188093183778
2018-04-11,603777.SH,23.271,23.806,22.968,23.473,3563418.0,1.263,23.464,1.01,4.568,4.628,0,交易,5.071953327571305,5.094352014010508,155147.07419017763,0.9856338738133242,0.9647987902209526,0.9996165807523537
2018-04-12,603777.SH,23.422,24.19,23.311,23.725,3928966.0,1.075,23.766,1.01,5.037,5.103,0,交易,4.649225945522242,4.649990073456423,168545.57934022564,0.9824720959073996,0.9636626705250103,1.0017281348788196
2018-04-13,603777.SH,23.705,24.624,23.604,24.341,5484180.0,2.596,24.178,1.01,7.031,7.122,0,交易,3.4177197416456053,3.371497653249893,232341.12862226742,0.9818875893437298,0.9585769980506823,0.9933034797255659
2018-04-16,603777.SH,24.24,24.24,23.261,23.493,3370040.0,-3.484,23.71,1.01,4.321,4.377,0,交易,5.36737491432488,5.609812543392733,144879.41189114828,0.9781353135313532,0.9596122112211222,1.0092367939386202
2018-04-17,603777.SH,23.574,24.028,22.726,22.776,2526740.0,-3.051,23.381,1.01,3.239,3.281,0,交易,6.941786040841206,7.278172275393641,111182.78623602922,0.9730730814050276,0.9458132179124356,1.0265630488233228
2018-04-18,603777.SH,22.978,23.119,22.049,22.806,2050103.0,0.133,22.532,1.01,2.628,2.662,0,交易,8.567242674680692,8.743531202435312,92979.40949702935,0.9746096284441369,0.9537177213547299,0.9879856178198719
2018-04-19,603777.SH,22.857,23.21,22.514,22.675,1571168.0,-0.575,22.852,1.01,2.014,2.04,0,交易,11.115196078431373,11.349056603773585,69786.2663231767,0.9845756139595002,0.9700129254631623,1.0078059536934951
2018-04-20,603777.SH,22.524,22.816,21.797,21.938,2182800.0,-3.25,22.207,1.01,2.798,2.835,0,交易,7.738271604938271,8.050035739814152,100142.22140661559,0.9733082047685835,0.9553383590462834,1.0122618287902272
2018-04-23,603777.SH,21.655,22.16,21.555,21.847,1130768.0,-0.414,21.811,1.01,1.45,1.469,0,交易,14.872021783526208,14.93448275862069,52459.66133147762,0.9842509025270758,0.9726985559566786,0.9983521765002059
2018-04-24,603777.SH,21.706,22.473,21.706,22.281,1403500.0,1.987,22.19,1.01,1.799,1.823,0,交易,12.222161272627536,12.065591995553085,64659.54114069843,0.9874071107551284,0.9658701552974681,0.9959158027018538
2018-04-25,603777.SH,22.261,22.453,22.09,22.362,1038900.0,0.362,22.298,1.01,1.332,1.349,0,交易,16.576723498888065,16.71246246246246,47030.33046627433,0.9930966908653631,0.9838328953814636,0.9971380019676237
2018-04-26,603777.SH,22.382,22.514,21.645,21.676,1145400.0,-3.07,21.983,1.01,1.468,1.488,0,交易,14.567204301075268,15.246594005449593,52917.53291753292,0.9764146753131385,0.9614017944390157,1.0141631297287323
2018-04-27,603777.SH,21.797,21.938,21.272,21.423,1310000.0,-1.164,21.551,1.01,1.679,1.701,0,交易,12.594356261022925,12.982132221560452,61583.30199323054,0.9823593764244689,0.9696417175676908,1.0059748868039025
2018-05-02,603777.SH,21.211,21.504,20.999,21.07,987000.0,-1.649,21.193,1.01,1.265,1.282,0,交易,16.435257410296412,16.767588932806323,47002.238201819135,0.9855375744047619,0.9765159970238094,1.0058376839107737
2018-05-03,603777.SH,21.161,21.595,21.009,21.494,942716.0,2.012,21.337,1.01,1.209,1.224,0,交易,17.56045751633987,17.50289495450786,44872.007234994526,0.9880527899976846,0.9728640889094698,0.9926956359914395
2018-05-04,603777.SH,21.504,21.787,21.474,21.605,960257.0,0.517,21.617,1.01,1.231,1.247,0,交易,17.325581395348838,17.46872461413485,44717.192884418364,0.992197181805664,0.9856336347363107,1.0005554269844943
2018-05-07,603777.SH,21.666,22.312,21.555,21.989,1492600.0,1.776,21.991,1.01,1.914,1.938,0,交易,11.34623323013416,11.319749216300941,69246.11459058223,0.985613122983148,0.9660720688418788,1.000090954568193
2018-05-08,603777.SH,22.079,22.766,22.009,22.685,2898900.0,3.168,22.514,1.01,3.717,3.765,0,交易,6.025232403718459,5.940005380683346,131714.298695988,0.9889308618114733,0.9667486602828781,0.9924619792814635
2018-05-09,603777.SH,22.816,23.119,22.504,22.635,2620354.0,-0.223,22.772,1.01,3.359,3.403,0,交易,6.651483984719365,6.792497767192617,116439.47742623533,0.9849907002898048,0.9733985033954756,1.0060525734481995
2018-05-10,603777.SH,22.716,24.593,22.524,23.341,6768700.0,3.122,23.525,1.01,8.678,8.791,0,交易,2.655101808667956,2.617653837289698,300510.56650683715,0.9565730085796771,0.9158703696173708,1.0078831241163617
2018-05-11,603777.SH,23.352,23.453,22.413,22.504,3887100.0,-3.59,22.866,1.01,4.983,5.048,0,交易,4.458003169572108,4.686333534015653,173430.59831347878,0.9749712190338123,0.9556559928367373,1.0160860291503733
2018-05-14,603777.SH,22.261,22.635,22.261,22.372,1601200.0,-0.583,22.445,1.01,2.053,2.079,0,交易,10.76094276094276,10.843156356551388,71928.48479403442,0.9916059200353434,0.9834769162800971,1.003263007330592
2018-05-15,603777.SH,22.534,23.715,22.372,23.553,4020600.0,5.28,23.191,1.01,5.155,5.222,0,交易,4.510340865568748,4.371290009699321,179715.7160736635,0.9779042799915665,0.9433691756272401,0.9846304080159639
2018-05-16,603777.SH,23.634,25.906,23.453,25.239,15586571.0,7.158,25.119,1.01,19.983,20.242,0,交易,1.246862958205711,1.1827052995045788,664587.5154564448,0.9696209372346175,0.9053115108469081,0.9952454534648757
2018-05-17,603777.SH,24.634,25.563,23.988,24.149,11149500.0,-4.32,24.518,1.01,14.294,14.48,0,交易,1.6677486187845303,1.7233804393451797,464794.89744872437,0.9591206039979658,0.9383875132026758,1.0152801358234296
2018-05-18,603777.SH,23.846,26.562,23.553,26.562,13548091.0,9.992,25.196,1.01,17.369,17.595,0,交易,1.5096334185848255,1.372905751626461,575217.2122447246,0.948573149612228,0.8867178676304495,0.948573149612228
2018-05-21,603777.SH,26.936,28.773,26.057,27.097,18999079.0,2.014,27.255,1.01,24.358,24.674,0,交易,1.0982005349760882,1.1058379177272353,729135.3187243352,0.947242206235012,0.9056059500225906,1.0058309037900874
2018-05-22,603777.SH,26.411,27.42,26.077,26.814,11596439.0,-1.043,26.712,1.01,14.867,15.06,0,交易,1.7804780876494024,1.7764848321786506,444699.8887908885,0.97417943107221,0.951021152443472,0.9961960170060417
2018-05-23,603777.SH,26.32,27.41,26.027,26.037,8859130.0,-2.899,26.639,1.01,11.358,11.505,0,交易,2.263102998696219,2.317309385455186,340382.2953087179,0.9718715797154323,0.9495439620576432,1.0231209432730346
2018-05-24,603777.SH,25.744,26.199,25.128,25.886,6143042.0,-0.582,25.735,1.01,7.876,7.978,0,交易,3.244672850338431,3.268664296597257,244469.99363260108,0.9822894003587922,0.9591205771212641,0.9941667310515336
2018-05-25,603777.SH,25.532,27.127,25.441,26.269,7767330.0,1.482,26.469,1.01,9.958,10.087,0,交易,2.6042430851591156,2.563968668407311,305307.57438779925,0.9757437239650534,0.9378479006156228,1.0076135368685524
2018-05-28,603777.SH,26.027,26.501,25.25,26.158,5696289.0,-0.423,25.921,1.01,7.303,7.398,0,交易,3.5358204920248717,3.5638778584143505,225595.60396039605,0.9781140334327005,0.9527942341798422,0.9909396742870249
2018-05-29,603777.SH,25.976,26.602,25.048,25.209,6614557.0,-3.628,25.843,1.01,8.48,8.59,0,交易,2.9346915017462165,3.063207547169811,264075.2555094219,0.9714683106533343,0.9415833395985264,1.0251497481058351
2018-05-30,603777.SH,24.452,25.744,24.25,24.876,5602657.0,-1.322,25.146,1.01,7.183,7.276,0,交易,3.418911489829577,3.4041486843937077,231037.40206185568,0.9767712865133624,0.9419670602858918,1.0108538350217076
2018-05-31,603777.SH,25.078,27.36,25.078,27.36,10301554.0,9.984,26.576,1.01,13.207,13.379,0,交易,2.0449958890799014,1.8988415234345422,410780.52476274024,0.9713450292397661,0.916593567251462,0.9713450292397661
2018-06-01,603777.SH,27.511,28.581,26.259,27.218,17621346.0,-0.517,27.796,1.01,22.591,22.885,0,交易,1.189337994319423,1.217785843920145,671059.2939563579,0.9725342010426508,0.9187572163325286,1.0212359467999117
2018-06-04,603777.SH,27.228,27.39,26.451,26.835,6332100.0,-1.409,26.797,1.01,8.118,8.224,0,交易,3.263010700389105,3.354028085735403,239389.81512986275,0.978349762687112,0.9657174151150055,0.9985839388857835
2018-06-05,603777.SH,26.693,27.541,26.693,27.249,7115450.0,1.543,27.162,1.01,9.122,9.241,0,交易,2.9487068499080187,2.92622231966674,266566.1409358259,0.9862386986674412,0.9692095421371774,0.9968072222833866
2018-06-06,603777.SH,27.421,28.224,26.732,27.593,5992904.0,1.264,27.529,1.435,5.488,5.559,0,交易,4.963662529231876,4.996537900874635,224184.6476133473,0.975375566893424,0.9471371882086167,0.997680571159352
2018-06-07,603777.SH,27.392,27.392,25.986,26.101,8631558.0,-5.408,26.502,1.435,7.904,8.007,0,交易,3.2597726988884728,3.465587044534413,332161.85638420685,0.967508761682243,0.9486711448598131,1.015363396038466
2018-06-08,603777.SH,25.842,25.9,24.852,25.354,6359156.0,-2.859,25.245,1.435,5.823,5.899,0,交易,4.2980166129852515,4.437918598660484,255881.05585063575,0.9747104247104248,0.9595366795366796,0.9957008756014831
2018-06-11,603777.SH,24.895,25.326,24.393,24.91,5521060.0,-1.754,24.863,1.435,5.056,5.122,0,交易,4.863334634908239,4.923852848101266,226337.88381912844,0.9817183921661533,0.9631603885335228,0.9981132075471698
2018-06-12,603777.SH,25.154,27.406,25.125,27.406,9885100.0,10.023,26.34,1.435,9.052,9.17,0,交易,2.9886586695747,2.7788334069818825,393436.815920398,0.9611034080128439,0.9167700503539371,0.9611034080128439
2018-06-13,603777.SH,29.128,30.147,28.511,30.147,36817242.0,10.0,29.661,1.435,33.715,34.153,0,交易,0.8827043012326882,0.86394779771615,1291334.6427694575,0.9838789929346204,0.9457325770391747,0.9838789929346204
2018-06-14,603777.SH,28.87,31.395,28.023,28.196,31278499.0,-6.473,29.491,1.435,28.643,29.015,0,交易,0.9717732207478891,1.0079251475054987,1116172.3941048426,0.9393534002229654,0.8925943621595795,1.0459285004965242
2018-06-15,603777.SH,28.124,29.401,26.632,27.292,22971576.0,-3.206,28.14,1.435,21.036,21.309,0,交易,1.2807733821390024,1.3369461874881154,862555.4220486633,0.9571103023706677,0.905819529947961,1.031071376227466
2018-06-19,603777.SH,26.818,27.234,24.565,24.565,13902334.0,-9.989,25.916,1.435,12.731,12.896,0,交易,1.904854218362283,2.106511664441128,565940.7286790148,0.951604611882206,0.9019975031210986,1.054996946875636
2018-06-20,603777.SH,24.35,26.976,24.35,26.0,17711224.0,5.841,25.83,1.435,16.219,16.43,0,交易,1.5824710894704808,1.5013256057710094,727360.3285420944,0.957517793594306,0.9026542111506525,0.9934615384615384
2018-06-21,603777.SH,26.761,28.597,26.0,26.919,21083316.0,3.532,27.259,1.435,19.307,19.558,0,交易,1.3763677267614276,1.386077588439426,810896.7692307692,0.9532118753715424,0.9091862782809386,1.0126304840447267
2018-06-22,603777.SH,27.234,27.665,25.971,27.091,15349391.0,0.64,27.046,1.435,14.056,14.239,0,交易,1.9025914741203735,1.9375355719977236,591020.4073774595,0.9776251581420567,0.9387673956262426,0.9983389317485512
2018-06-25,603777.SH,27.492,29.415,27.048,28.353,22397155.0,4.661,28.28,1.435,20.51,20.777,0,交易,1.364633970255571,1.3404193076548025,828052.1665187815,0.9614142444331124,0.9195308516063233,0.9974253165449865
2018-06-26,603777.SH,27.249,28.339,26.775,28.267,17354065.0,-0.304,27.599,1.435,15.892,16.098,0,交易,1.7559324139644676,1.7146362949911904,648144.3510737629,0.9738875754260913,0.9448110377924415,0.9763682032051509
2018-06-27,603777.SH,27.837,28.483,27.048,27.205,11593206.0,-3.756,27.68,1.435,10.616,10.754,0,交易,2.529756369722894,2.622174076865109,428616.0159716061,0.9718077449706842,0.9496190710248218,1.0174600257305644
2018-06-28,603777.SH,26.775,26.775,25.01,25.555,12607525.0,-6.065,25.801,1.435,11.545,11.695,0,交易,2.185121846943138,2.3191857947163275,504099.3602558976,0.9636227824463118,0.9340802987861813,1.009626296223831
2018-06-29,603777.SH,25.555,26.66,25.139,26.445,10461737.0,3.481,26.057,1.435,9.58,9.705,0,交易,2.7248840803709427,2.667536534446764,416155.65456064284,0.9773818454613653,0.9429482370592648,0.9853280393269048
2018-07-02,603777.SH,26.187,27.837,25.598,27.263,14611149.0,3.093,26.795,1.435,13.38,13.554,0,交易,2.0114357385273722,1.9571748878923767,570792.600984452,0.9625678054388045,0.9195674821281029,0.9828338774162785
2018-07-03,603777.SH,26.933,27.449,25.713,27.062,10827595.0,-0.737,26.707,1.435,9.915,10.044,0,交易,2.6943448825169254,2.716389309127585,421094.1935985688,0.9729680498378811,0.9367554373565521,0.9868819747247062
2018-07-04,603777.SH,27.062,28.095,26.588,26.804,16526525.0,-0.954,27.482,1.435,15.134,15.331,0,交易,1.7483530102406888,1.788159111933395,621578.3436136603,0.9781811710268731,0.9463605623776473,1.025294732129533
2018-07-05,603777.SH,25.685,26.187,24.422,24.709,11974309.0,-7.816,25.427,1.435,10.965,11.108,0,交易,2.2244328411955347,2.342453260373917,490308.28760953236,0.9709779661664184,0.9326001451101692,1.0290582378890283
2018-07-06,603777.SH,24.895,25.326,22.671,24.293,10509275.0,-1.684,24.401,1.435,9.624,9.749,0,交易,2.4918453174684583,2.586762261014131,463555.86432005645,0.9634762694464186,0.8951670220326936,1.0044457251059977
2018-07-09,603777.SH,24.35,24.723,23.762,24.565,7984300.0,1.122,24.27,1.435,7.312,7.407,0,交易,3.316457405157284,3.330142231947484,336011.27851190977,0.981676980948914,0.9611293127856653,0.9879910441685325
2018-07-10,603777.SH,24.465,24.508,23.848,24.436,6856500.0,-0.526,24.219,1.435,6.279,6.36,0,交易,3.842138364779874,3.8963210702341136,287508.38644750084,0.988207932103803,0.9730700179533214,0.9911196595187429
2018-07-11,603777.SH,23.389,23.503,22.341,22.829,8929196.0,-6.577,22.98,1.435,8.177,8.283,0,交易,2.7561270071230233,2.860339977987037,399677.543529833,0.9777475215929882,0.9505595030421649,1.0066143939725787
2018-07-12,603777.SH,22.7,23.805,22.614,23.374,7156125.0,2.388,23.304,1.435,6.553,6.638,0,交易,3.521241337752335,3.464062261559591,316446.6702042982,0.9789540012602393,0.9499684940138626,0.99700521947463
2018-07-13,603777.SH,23.331,24.221,23.145,23.719,7231120.0,1.473,23.743,1.435,6.622,6.708,0,交易,3.53592725104353,3.5232558139534884,312426.87405487144,0.9802650592461087,0.9555757400602782,1.0010118470424554
2018-07-16,603777.SH,23.503,24.077,23.217,23.346,5205776.0,-1.573,23.493,1.435,4.767,4.829,0,交易,4.834541312901222,4.93035452066289,224222.5955119094,0.9757444864393403,0.9642812642771108,1.006296581855564
2018-07-17,603777.SH,23.36,23.79,22.958,23.446,4580565.0,0.43,23.342,1.435,4.195,4.249,0,交易,5.518004236290893,5.568533969010726,199519.3396637338,0.9811685582177385,0.9650273224043715,0.9955642753561373
2018-07-18,603777.SH,23.217,24.608,23.217,24.006,9809490.0,2.387,24.0,1.435,8.983,9.1,0,交易,2.6380219780219782,2.5845485917844817,422513.2446052462,0.9752925877763329,0.9434736671001299,0.9997500624843789
2018-07-19,603777.SH,23.877,23.877,23.001,23.288,5360665.0,-2.989,23.423,1.435,4.909,4.973,0,交易,4.682887593002212,4.8639234059889995,233062.25816268858,0.9809858859990785,0.9633119738660637,1.0057969769838542
2018-07-20,603777.SH,23.188,23.503,22.958,23.303,3565720.0,0.062,23.282,1.435,3.265,3.308,0,交易,7.044437726723096,7.101990811638591,155314.92290269188,0.9905969450708421,0.9768114708760584,0.9990988284770201
2018-07-23,603777.SH,23.26,23.489,23.073,23.231,3486696.0,-0.308,23.21,1.435,3.193,3.234,0,交易,7.183364254792827,7.284685248982149,151115.84969444806,0.9881220997062454,0.9822895823576994,0.9990960354698463
2018-07-24,603777.SH,23.202,24.178,23.03,23.776,6463847.0,2.347,23.594,1.435,5.919,5.996,0,交易,3.965310206804536,3.919918905220477,280670.73382544506,0.9758458102407147,0.952518818760857,0.9923452220726784
2018-07-25,603777.SH,23.647,23.877,23.432,23.848,4705220.0,0.302,23.631,1.435,4.309,4.365,0,交易,5.463459335624283,5.487816198653979,200803.17514510071,0.98969719814047,0.9813628177744272,0.9909007044615902
2018-07-26,603777.SH,23.948,24.077,23.604,23.891,4307283.0,0.181,23.851,1.435,3.944,3.996,0,交易,5.978728728728728,6.072008113590264,182481.06253177428,0.9906134485193338,0.9803546953524109,0.9983257293541501
2018-07-27,603777.SH,23.891,23.891,23.102,23.676,4100420.0,-0.901,23.533,1.435,3.755,3.804,0,交易,6.22397476340694,6.362450066577896,177491.9920353216,0.9850152777196435,0.9669750115106108,0.9939601284000678
2018-07-30,603777.SH,23.604,23.604,22.456,22.7,4563640.0,-4.121,23.016,1.435,4.179,4.233,0,交易,5.362626978502244,5.64824120603015,203225.86391164945,0.9750889679715302,0.9513641755634639,1.013920704845815
2018-07-31,603777.SH,22.7,22.944,22.37,22.556,2233700.0,-0.632,22.641,1.435,2.046,2.072,0,交易,10.886100386100386,11.09481915933529,99852.48100134108,0.9867939330543932,0.9749825662482567,1.0037683986522432
2018-08-01,603777.SH,22.686,23.604,22.686,22.973,4870662.0,1.845,23.175,1.435,4.46,4.518,0,交易,5.084772023019035,5.0865470852017935,214699.02142290398,0.9818251143873921,0.9611082867310625,1.0087929308318462
2018-08-02,603777.SH,22.743,22.8,20.763,21.609,5994782.0,-5.934,21.593,1.435,5.49,5.561,0,交易,3.885811904333753,4.142622950819672,288724.2691325916,0.9470614035087719,0.9106578947368421,0.9992595677726872
2018-08-03,603777.SH,21.523,22.6,20.964,21.782,4754894.0,0.797,21.678,1.435,4.354,4.411,0,交易,4.938109272273861,4.943270555810749,226812.34497233355,0.9592035398230089,0.9276106194690265,0.9952254154806721
2018-08-06,603777.SH,21.38,21.466,20.103,20.117,4377900.0,-7.642,20.632,1.435,4.009,4.061,0,交易,4.953705983747845,5.333000748316287,217773.4666467691,0.9611478617348365,0.9365042392620889,1.0256002386041656
2018-08-07,603777.SH,20.017,20.462,18.84,19.945,5340899.0,-0.856,19.631,1.435,4.891,4.971,0,交易,4.012271172802253,4.092619096299325,283487.20806794055,0.9593881341022383,0.9207311113283159,0.9842567059413386
2018-08-08,603777.SH,19.845,19.845,18.309,18.453,5195127.0,-7.482,19.111,1.435,4.757,4.835,0,交易,3.816546018614271,4.171746899306285,283747.17352121905,0.9630133534895441,0.9226001511715799,1.035658158565003
2018-08-09,603777.SH,18.08,18.897,17.793,18.496,4491759.0,0.233,18.529,1.435,4.113,4.18,0,交易,4.42488038277512,4.395818137612448,252445.2874726016,0.9805260094194846,0.9415780282584537,1.001784169550173
2018-08-10,603777.SH,18.625,19.285,18.553,18.883,3289023.0,2.095,18.961,1.435,2.973,3.011,0,交易,6.271338425772168,6.264715775311134,177277.15194308196,0.9831993777547315,0.9620430386310604,1.0041306995710426
2018-08-13,603777.SH,18.654,19.314,18.223,19.228,3758987.0,1.824,19.019,1.435,3.398,3.441,0,交易,5.587910491136299,5.4896998234255445,206277.06744224334,0.9847261054157606,0.9435124779952365,0.9891304347826085
2018-08-14,603777.SH,19.084,19.4,19.041,19.113,2352642.0,-0.597,19.171,1.435,2.127,2.154,0,交易,8.87325905292479,8.972261401034322,123556.64093272411,0.9881958762886598,0.9814948453608249,1.003034583791137
2018-08-15,603777.SH,19.213,19.213,18.625,18.768,2328680.0,-1.802,18.794,1.435,2.105,2.132,0,交易,8.803001876172608,9.127315914489312,125029.79865771811,0.9781918492687243,0.9693957216468015,1.001385336743393
2018-08-16,603777.SH,18.639,18.682,17.793,18.352,2533506.0,-2.217,18.373,1.435,2.29,2.319,0,交易,7.913755929279862,8.139301310043667,142387.79295228462,0.9834600149876889,0.9524140884273633,1.0011442894507412
2018-08-17,603777.SH,18.496,18.697,17.434,17.62,2702134.0,-3.987,18.037,1.435,2.443,2.474,0,交易,7.122069523039611,7.571019238641014,154992.1991510841,0.9647002192865165,0.9324490559982886,1.02366628830874
2018-08-20,603777.SH,17.506,17.836,17.147,17.678,2575527.0,0.326,17.529,1.435,2.328,2.358,0,交易,7.497031382527566,7.519759450171822,150202.77599580103,0.9827876205427226,0.9613702623906706,0.9915714447335671
2018-08-21,603777.SH,17.592,18.08,17.434,18.022,2632325.0,1.948,17.866,1.435,2.379,2.41,0,交易,7.478008298755186,7.394703656998739,150988.01193071008,0.9881637168141594,0.964269911504425,0.9913439129952282
2018-08-22,603777.SH,18.022,18.037,17.42,17.434,2201800.0,-3.264,17.651,1.435,1.99,2.016,0,交易,8.64781746031746,9.056281407035176,126394.94833524682,0.9785995453789433,0.9657925375616789,1.0124469427555352
2018-08-23,603777.SH,17.563,18.108,17.434,17.85,2939130.0,2.387,17.816,1.435,2.657,2.691,0,交易,6.633221850613156,6.610086563793752,168586.09613399103,0.9838745305942124,0.9627788822619837,0.9980952380952379
2018-08-24,603777.SH,17.95,17.95,17.506,17.62,1852224.0,-1.286,17.732,1.435,1.674,1.696,0,交易,10.389150943396228,10.722819593787335,105805.09539586428,0.9878551532033426,0.9752646239554318,1.0063564131668556
2018-08-27,603777.SH,17.219,17.95,17.19,17.864,2639770.0,1.384,17.735,1.435,2.386,2.417,0,交易,7.39098055440629,7.216680637049455,153564.28155904595,0.9880222841225627,0.9576601671309193,0.9927787729511867
2018-08-28,603777.SH,17.864,17.936,17.506,17.563,2730440.0,-1.687,17.668,1.435,2.468,2.5,0,交易,7.0252,7.238249594813615,155971.66685707757,0.9850579839429081,0.9760258697591436,1.0059784774810683
2018-08-29,603777.SH,17.577,17.764,17.477,17.534,1595014.0,-0.163,17.585,1.435,1.442,1.46,0,交易,12.00958904109589,12.189320388349516,91263.60359329404,0.9899234406665166,0.9838437288898897,1.002908634652675
2018-08-30,603777.SH,17.836,17.836,17.19,17.204,2276880.0,-1.882,17.388,1.435,2.058,2.085,0,交易,8.251318944844126,8.666666666666666,132453.75218150087,0.9748822605965465,0.9637811168423415,1.0106951871657754
2018-08-31,603777.SH,17.075,17.09,16.257,16.329,3477200.0,-5.088,16.604,1.435,3.143,3.183,0,交易,5.130065975494817,5.432707604199809,213889.4014885895,0.9715623171445289,0.9512580456407257,1.0168412027680813
2018-09-03,603777.SH,15.985,16.716,15.985,16.616,2577381.0,1.757,16.423,1.435,2.33,2.36,0,交易,7.040677966101695,6.860515021459227,161237.4726305912,0.9824718832256519,0.9562694424503468,0.988384689455946
2018-09-04,603777.SH,16.702,17.62,16.645,17.147,4583912.0,3.195,17.103,1.435,4.144,4.197,0,交易,4.085537288539433,4.030405405405405,275392.73054971464,0.9706583427922816,0.9446651532349601,0.9974339534612471
2018-09-05,603777.SH,16.975,17.176,16.587,16.602,2853135.0,-3.18,16.879,1.435,2.579,2.612,0,交易,6.356049004594181,6.582008530438155,172010.30927835053,0.9827084303679554,0.96570796460177,1.0166847367787015
2018-09-06,603777.SH,16.444,16.932,16.214,16.602,1845866.0,0.0,16.671,1.435,1.669,1.69,0,交易,9.823668639053254,9.852606351108447,113843.96200814113,0.9845854004252304,0.957595086227262,1.0041561257679796
2018-09-07,603777.SH,16.444,17.147,16.286,16.788,3276160.0,1.124,16.739,1.435,2.961,2.999,0,交易,5.597865955318439,5.5535292131036815,201164.19010192802,0.9762057502770165,0.9497871347757627,0.9970812485108411
2018-09-10,603777.SH,16.788,16.788,15.913,15.97,3466352.0,-4.872,16.186,1.435,3.133,3.174,0,交易,5.0315059861373665,5.358442387488031,217831.4585558977,0.9641410531331903,0.9478794376935906,1.013525360050094
2018-09-11,603777.SH,15.97,16.458,15.97,16.272,3036218.0,1.887,16.27,1.435,2.745,2.78,0,交易,5.853237410071943,5.817850637522769,190120.10018785222,0.9885769838376474,0.9703487665572975,0.9998770894788594
2018-09-12,603777.SH,16.429,17.319,16.372,16.573,3496723.0,1.852,16.796,1.435,3.161,3.201,0,交易,5.17744454857857,5.197405884213856,213579.4649401417,0.9698019516138345,0.9453201686009586,1.0134556205877028
2018-09-13,603777.SH,16.673,16.831,16.3,16.516,2309032.0,-0.346,16.496,1.435,2.087,2.114,0,交易,7.812677388836329,7.988979396262576,141658.40490797546,0.9800962509654804,0.9684510724258809,0.9987890530394768
2018-09-14,603777.SH,16.415,16.559,16.028,16.099,2220880.0,-2.52,16.27,1.435,2.008,2.033,0,交易,7.918839153959666,8.174800796812749,138562.51559770404,0.9825472552690379,0.9679328461863638,1.0106217777501707
2018-09-17,603777.SH,16.071,16.243,15.927,15.956,1567540.0,-0.891,16.04,1.435,1.417,1.435,0,交易,11.1191637630662,11.341566690190545,98420.29258491869,0.987502308686819,0.9805454657390876,1.0052644773126096
2018-09-18,603777.SH,15.899,16.243,15.798,16.2,2290160.0,1.529,16.041,1.435,2.07,2.097,0,交易,7.725321888412017,7.6806763285024156,144965.18546651475,0.9875638736686574,0.9726035830819431,0.9901851851851853
2018-09-19,603777.SH,16.085,16.458,15.942,16.329,3048288.0,0.797,16.237,1.435,2.755,2.791,0,交易,5.850591185954856,5.838475499092559,191211.14038389162,0.9865718799368088,0.9686474662777982,0.99436585216486
2018-09-20,603777.SH,16.329,16.473,16.214,16.257,2061880.0,-0.439,16.328,1.435,1.864,1.888,0,交易,8.610699152542374,8.76019313304721,127166.64610830147,0.9911977174770837,0.9842773022521702,1.0043673494494678
2018-09-21,603777.SH,17.879,17.879,16.975,17.118,11571752.0,5.296,17.478,1.435,10.46,10.594,0,交易,1.6158202756277138,1.7092734225621415,681693.7849779086,0.9775714525420885,0.9494378880250574,1.0210304942166142
2018-09-25,603777.SH,16.544,16.889,16.544,16.616,5811895.0,-2.934,16.678,1.435,5.254,5.321,0,交易,3.1227212929900396,3.1488389798248955,351299.26257253386,0.9875066611403873,0.9795725028124815,1.0037313432835822
2018-09-26,603777.SH,16.673,16.889,16.429,16.645,4648117.0,0.173,16.704,1.435,4.202,4.255,0,交易,3.9118683901292597,3.9678724416944307,282921.4803092094,0.9890461246965482,0.9727633370833086,1.0035446079903876
2018-09-27,603777.SH,16.559,16.645,16.071,16.085,4031256.0,-3.362,16.29,1.435,3.644,3.691,0,交易,4.357897588729342,4.544182217343579,250840.39574388647,0.978672273956143,0.9655151697206369,1.0127447932856697
2018-09-28,603777.SH,16.099,16.257,16.028,16.229,2030640.0,0.892,16.173,1.435,1.836,1.859,0,交易,8.72996234534696,8.768518518518519,126693.28674819067,0.9948329950175308,0.9859137602263639,0.9965493868999937
2018-10-08,603777.SH,16.042,16.056,15.54,15.569,2329890.0,-4.067,15.847,1.435,2.106,2.133,0,交易,7.299109235818097,7.617283950617285,149928.57142857145,0.9869830592924762,0.967862481315396,1.017855995889267
2018-10-09,603777.SH,15.583,15.856,15.583,15.655,1430430.0,0.553,15.676,1.435,1.293,1.31,0,交易,11.950381679389311,12.051817478731632,91794.26297888724,0.9886478304742684,0.9827825428859738,1.0013414244650272
2018-10-10,603777.SH,15.655,15.884,15.554,15.812,1676482.0,1.008,15.757,1.435,1.515,1.535,0,交易,10.300977198697069,10.333333333333334,107784.62131927478,0.9920045328632586,0.9792243767313019,0.9965216291424235
2018-10-11,603777.SH,14.952,15.21,14.234,14.248,3904932.0,-9.891,14.631,1.435,3.53,3.575,0,交易,3.985454545454545,4.235694050991501,274338.34480820573,0.9619329388560157,0.9358316896778435,1.026880965749579
2018-10-12,603777.SH,14.134,14.291,12.943,13.631,3277195.0,-4.33,13.629,1.435,2.962,3.0,0,交易,4.543666666666667,4.771775827143822,253202.11697442635,0.9536771394584004,0.9056749002868938,0.9998532756217445
2018-10-15,603777.SH,13.718,13.976,13.172,13.244,1930936.0,-2.842,13.581,1.435,1.745,1.791,0,交易,7.394751535455053,7.861318051575931,146593.98724567264,0.9717372638809386,0.9424728105323411,1.0254454847478103
2018-10-16,603777.SH,13.23,13.488,13.0,13.201,1769270.0,-0.325,13.262,1.435,1.599,1.62,0,交易,8.148765432098765,8.27392120075047,136097.6923076923,0.9832443653618032,0.9638196915776988,1.004620862055905
2018-10-17,603777.SH,13.402,13.402,13.029,13.359,1841420.0,1.196,13.266,1.435,1.665,1.686,0,交易,7.923487544483986,8.049249249249248,141332.41231099854,0.9898522608565886,0.9721683330846143,0.993038401077925
2018-10-18,603777.SH,13.316,13.56,13.129,13.273,2185900.0,-0.644,13.355,1.435,1.976,2.001,0,交易,6.633183408295852,6.738866396761134,166494.02086983016,0.984882005899705,0.9682153392330383,1.006177955247495
2018-10-19,603777.SH,13.072,13.689,13.057,13.674,3073120.0,3.027,13.467,1.435,2.778,2.814,0,交易,4.859275053304904,4.705543556515479,235361.87485639885,0.9837825991672146,0.9538315435751333,0.9848617814831067
2018-10-22,603777.SH,13.689,14.607,13.689,14.291,4829822.0,4.512,14.182,1.435,4.366,4.422,0,交易,3.2317955676164636,3.1353641777370593,352825.04200452915,0.9709043609228453,0.9371534195933457,0.9923728220558393
2018-10-23,603777.SH,14.291,14.306,13.89,14.005,2935412.0,-2.008,14.067,1.435,2.653,2.687,0,交易,5.212132489765539,5.386732001507728,211332.75737940962,0.983293722913463,0.9709212917656929,1.0044269903605854
2018-10-24,603777.SH,13.99,14.248,13.847,14.234,2121430.0,1.639,14.062,1.435,1.918,1.942,0,交易,7.329557157569516,7.2940563086548496,153205.02635950025,0.9869455362156092,0.9718556990454801,0.9879162568497962
2018-10-25,603777.SH,13.775,14.177,13.674,14.005,1921172.0,-1.613,13.876,1.435,1.737,1.759,0,交易,7.961910176236499,7.930339666090961,140498.1717127395,0.9787684277350638,0.9645199971785285,0.9907890039271687
2018-10-26,603777.SH,14.105,14.263,13.976,14.019,1495975.0,0.102,14.085,1.435,1.352,1.37,0,交易,10.232846715328467,10.432692307692307,107038.85231825987,0.9875201570497091,0.9798780060295871,1.0047078964262788
2018-10-29,603777.SH,13.976,13.99,13.689,13.775,1418390.0,-1.74,13.818,1.435,1.282,1.299,0,交易,10.604311008468054,10.901716068642747,103615.31156402951,0.9877055039313796,0.9784846318799142,1.0031215970961886
2018-10-30,603777.SH,13.56,13.99,13.56,13.918,1855350.0,1.042,13.815,1.435,1.677,1.699,0,交易,8.191877575044144,8.085867620751342,136825.22123893804,0.9874910650464617,0.9692637598284489,0.9925995114240552
2018-10-31,603777.SH,14.091,14.55,13.918,14.191,3466725.0,1.959,14.249,1.435,3.134,3.174,0,交易,4.471014492753624,4.49617102744097,249082.1238683719,0.9793127147766323,0.9565635738831614,1.0040870974561342
2018-11-01,603777.SH,14.091,14.435,14.076,14.248,3121435.0,0.404,14.261,1.435,2.822,2.858,0,交易,4.985304408677396,4.993267186392629,221755.82551861324,0.9879459646692067,0.975129892622099,1.0009124087591241
2018-11-02,603777.SH,14.406,14.751,14.406,14.679,4598503.0,3.021,14.578,1.435,4.157,4.224,0,交易,3.4751420454545454,3.465479913399086,319207.4829931973,0.9882719815605722,0.9766117551352451,0.9931194223039717
2018-11-05,603777.SH,15.21,16.114,15.038,15.267,7692995.0,4.008,15.48,1.435,6.954,7.066,0,交易,2.1606283611661476,2.187230371009491,511570.3551004123,0.960655330768276,0.9332257664142981,1.0139516604440952
2018-11-06,603777.SH,15.009,15.195,14.736,15.066,3963602.0,-1.316,14.934,1.435,3.583,3.64,0,交易,4.139010989010989,4.18894780909852,268974.0770901194,0.9828232971372162,0.9697926949654492,0.9912385503783352
2018-11-07,603777.SH,15.081,15.195,14.88,14.995,2763640.0,-0.476,15.011,1.435,2.498,2.538,0,交易,5.908195429472025,6.037229783827061,185728.4946236559,0.9878907535373478,0.9792694965449161,1.0010670223407803
2018-11-08,603777.SH,15.038,15.21,14.822,14.908,2000480.0,-0.574,14.986,1.435,1.808,1.837,0,交易,8.115405552531302,8.317477876106194,134966.9410335987,0.9852728468113083,0.974490466798159,1.0052320901529381
2018-11-09,603777.SH,14.908,15.21,14.751,14.779,1914255.0,-0.866,14.998,1.435,1.73,1.758,0,交易,8.406712172923777,8.617341040462428,129771.20195241002,0.9860618014464168,0.9698224852071005,1.0148183232965695
2018-11-12,603777.SH,14.966,15.167,14.765,15.095,2498040.0,2.136,15.007,1.435,2.258,2.294,0,交易,6.580209241499564,6.627989371124889,169186.58990856755,0.9894507813015099,0.9734950880200436,0.9941702550513415
2018-11-13,603777.SH,15.009,15.339,14.865,15.296,3362823.0,1.331,15.2,1.435,3.04,3.089,0,交易,4.951764325024279,4.937171052631579,226224.21796165488,0.9909381315600756,0.9690983766868766,0.9937238493723849
2018-11-14,603777.SH,15.296,15.726,15.124,15.253,3500960.0,-0.281,15.409,1.435,3.165,3.216,0,交易,4.742848258706467,4.832859399684044,231483.7344617826,0.9798422993768282,0.9617194455042605,1.0102274962302498
2018-11-15,603777.SH,15.239,15.569,15.081,15.569,3726581.0,2.07,15.358,1.435,3.369,3.423,0,交易,4.548349401110137,4.523300682695162,247104.36973675486,0.9864474275804483,0.9686556618922216,0.9864474275804483
2018-11-16,603777.SH,15.511,16.042,15.425,16.042,5469516.0,3.041,15.735,1.435,4.944,5.024,0,交易,3.1930732484076434,3.1373381877022655,354587.7471636953,0.9808627353197854,0.9615384615384615,0.9808627353197854
2018-11-19,603777.SH,16.042,16.243,15.827,16.157,4717457.0,0.716,16.045,1.435,4.264,4.333,0,交易,3.728825294253404,3.7621951219512195,298063.8781828521,0.9878101335960108,0.9743889675552546,0.9930680200532278
2018-11-20,603777.SH,15.97,16.056,15.31,15.382,3610000.0,-4.796,15.695,1.435,3.263,3.316,0,交易,4.638721351025332,4.89426907753601,235793.5989549314,0.9775161933233681,0.9535376183358246,1.0203484592380705
2018-11-21,603777.SH,15.253,15.468,15.066,15.468,2370380.0,0.56,15.256,1.435,2.143,2.177,0,交易,7.105190629306385,7.117592160522633,157333.06783485995,0.9862942849754331,0.974010861132661,0.9862942849754331
2018-11-22,603777.SH,15.525,15.626,15.411,15.497,1587066.0,0.186,15.496,1.435,1.435,1.458,0,交易,10.628943758573389,10.818815331010454,102982.67471286743,0.9916805324459236,0.9862408805836427,0.9999354713815578
2018-11-23,603777.SH,15.224,15.439,14.607,14.665,2506260.0,-5.37,14.934,1.435,2.266,2.302,0,交易,6.370547350130321,6.718446601941747,171579.3797494352,0.9672906276313232,0.9461104993846752,1.0183429935219912
2018-11-26,603777.SH,14.736,15.726,14.65,15.396,3663920.0,4.99,15.154,1.435,3.312,3.382,0,交易,4.552335895919574,4.449275362318841,250096.92832764506,0.9636271143329518,0.9315782780109373,0.9842816315926214
2018-11-27,603777.SH,15.425,15.511,15.009,15.195,2630660.0,-1.305,15.213,1.435,2.378,2.429,0,交易,6.255660765747222,6.486543313708999,175272.17003131454,0.9807878279930372,0.9676358713171298,1.0011846001974334
2018-11-28,603777.SH,15.195,15.454,14.952,15.21,2387100.0,0.094,15.198,1.435,2.158,2.204,0,交易,6.9010889292196005,7.041241890639482,159650.88282504014,0.9834347094603338,0.9675165005823735,0.9992110453648915
2018-11-29,603777.SH,15.224,15.325,14.593,14.65,2353840.0,-3.679,14.963,1.435,2.128,2.173,0,交易,6.741831569259089,7.154135338345864,161299.25306653875,0.9763784665579119,0.9522349102773247,1.0213651877133105
2018-11-30,603777.SH,14.564,14.837,14.521,14.779,1652060.0,0.881,14.682,1.435,1.493,1.525,0,交易,9.691147540983607,9.75485599464166,113770.40148750086,0.9895531441666106,0.9787018939138641,0.9934366330604236
2018-12-03,603777.SH,15.081,15.454,14.952,15.368,3080000.0,3.981,15.321,1.435,2.784,2.843,0,交易,5.405557509672881,5.417025862068965,205992.5093632959,0.991393813899314,0.9675165005823735,0.9969416970327953
2018-12-04,603777.SH,15.267,15.942,15.239,15.942,5121060.0,3.735,15.681,1.435,4.629,4.728,0,交易,3.371827411167513,3.298120544394038,336049.6095544327,0.9836281520511855,0.955902647095722,0.9836281520511855
2018-12-05,603777.SH,15.64,15.827,15.439,15.698,4432920.0,-1.53,15.636,1.435,4.007,4.092,0,交易,3.836265884652982,3.9031694534564516,287124.8137832761,0.9879320149112276,0.975484930814431,0.9960504522869155
2018-12-06,603777.SH,15.698,15.698,15.224,15.339,2804715.0,-2.285,15.451,1.435,2.535,2.589,0,交易,5.92468134414832,6.192504930966469,184229.83447188648,0.9842655115301312,0.9698050707096445,1.0073016493904428
2018-12-07,603777.SH,15.382,15.569,15.21,15.454,2062900.0,0.748,15.398,1.435,1.865,1.904,0,交易,8.116596638655462,8.247721179624664,135627.87639710715,0.9890166356220694,0.97694135782645,0.996376342694448
2018-12-10,603777.SH,15.253,15.927,15.138,15.812,4935442.0,2.321,15.66,1.435,4.461,4.556,0,交易,3.4705882352941173,3.4191885227527457,326029.9907517506,0.9832360143153136,0.9504614805048032,0.9903870478117885
2018-12-11,603777.SH,15.784,15.87,15.511,15.626,3002160.0,-1.18,15.671,1.435,2.714,2.771,0,交易,5.639119451461566,5.8157700810611646,193550.3835987364,0.9874606175173283,0.9773787019533712,1.0028798156917957
2018-12-12,603777.SH,15.612,15.712,15.396,15.554,1649560.0,-0.459,15.552,1.435,1.491,1.523,0,交易,10.21273801707157,10.470824949698189,107142.11483502208,0.9898167006109979,0.979887983706721,0.9998714157129999
2018-12-13,603777.SH,15.525,15.712,15.368,15.569,1960260.0,0.092,15.583,1.435,1.772,1.81,0,交易,8.601657458563537,8.761286681715577,127554.65903175429,0.9917897148676171,0.9781059063136457,1.0008992228145674
2018-12-14,603777.SH,15.525,16.013,15.353,15.411,4342640.0,-1.014,15.73,1.435,3.925,4.009,0,交易,3.8441007732601644,3.9554140127388537,282852.8626327102,0.9823268594267157,0.9587834884156622,1.020699500356888
2018-12-17,603777.SH,15.21,15.325,14.55,14.765,5487310.0,-4.19,14.735,1.435,4.96,5.066,0,交易,2.914528227398342,3.0665322580645165,377134.70790378004,0.9615008156606851,0.9494290375203916,0.9979681679647815
2018-12-18,603777.SH,14.593,14.736,14.392,14.693,2322022.0,-0.486,14.573,1.435,2.099,2.144,0,交易,6.853078358208955,6.952358265840876,161341.16175653142,0.9889386536373507,0.9766558089033658,0.9918328455727218
2018-12-19,603777.SH,14.622,14.765,14.378,14.406,1532340.0,-1.953,14.577,1.435,1.385,1.426,0,交易,10.102384291725105,10.55740072202166,106575.32341076645,0.9872671859126312,0.9737893667456823,1.0118700541441066
2018-12-20,603777.SH,14.392,14.578,14.335,14.449,1188845.0,0.299,14.45,1.435,1.075,1.106,0,交易,13.064195298372512,13.387906976744187,82933.03104290199,0.9912196460419811,0.9833310467828236,1.0000692089417953
2018-12-21,603777.SH,14.449,14.622,14.291,14.492,1317525.0,0.298,14.429,1.435,1.191,1.226,0,交易,11.820554649265906,12.131821998320738,92192.63872367224,0.98680071125701,0.9773628778552866,0.995652773944245
2018-12-24,603777.SH,14.392,14.521,14.306,14.492,1475828.0,0.0,14.426,1.435,1.334,1.373,0,交易,10.55498907501821,10.788605697151423,103161.47071158954,0.9934577508436058,0.985193857172371,0.9954457631796853
2018-12-25,603777.SH,14.263,14.263,13.646,14.105,2247165.0,-2.673,13.954,1.435,2.031,2.091,0,交易,6.745576279292204,7.022648941408173,164675.72915139966,0.9783355535301129,0.9567412185374746,0.9892945763913505
2018-12-26,603777.SH,14.033,14.205,14.033,14.062,869315.0,-0.305,14.114,1.435,0.786,0.809,0,交易,17.381953028430157,17.853689567430024,61947.90850138958,0.9935938049982401,0.9878915874692009,1.003697909258996
2018-12-27,603777.SH,14.234,14.291,13.703,13.703,1329260.0,-2.551,13.997,1.435,1.202,1.237,0,交易,11.077607113985447,11.841930116472547,97005.0353937094,0.97942761178364,0.95885522356728,1.0214551558052982
2018-12-28,603777.SH,13.804,13.89,13.574,13.818,879256.0,0.838,13.762,1.435,0.795,0.818,0,交易,16.892420537897312,17.363522012578617,64775.011050537796,0.9907847372210223,0.9772498200143988,0.9959473150962513
2019-01-02,603777.SH,13.918,14.162,13.918,14.076,1172700.0,1.869,14.061,1.435,1.06,1.091,0,交易,12.9019248395967,13.13018867924528,84257.79566029602,0.9928682389493009,0.9827707950854399,0.9989343563512361
2019-01-03,603777.SH,13.99,14.148,13.961,14.033,834333.0,-0.306,14.049,1.435,0.754,0.776,0,交易,18.08376288659794,18.554376657824935,59761.69328844638,0.9930025445292621,0.9867825841108284,1.001140169600228
2019-01-04,603777.SH,13.904,14.406,13.789,14.335,1668200.0,2.147,14.181,1.435,1.508,1.552,0,交易,9.23646907216495,9.220159151193634,120980.49169627964,0.9843815077051228,0.9571706233513813,0.9892570631321939
2019-01-07,603777.SH,14.349,14.636,14.349,14.55,1976780.0,1.502,14.525,1.435,1.787,1.839,0,交易,7.911908646003263,8.029658645775042,137764.30413269217,0.992415960644985,0.9803908171631593,0.9982817869415808
2019-01-08,603777.SH,14.665,14.937,14.492,14.779,2138595.0,1.578,14.704,1.435,1.933,1.99,0,交易,7.426633165829146,7.586652871184686,147570.72867789125,0.9844011515029792,0.9702082078061192,0.9949252317477503
2019-01-09,603777.SH,14.751,15.009,14.593,14.593,2258495.0,-1.262,14.81,1.435,2.042,2.101,0,交易,6.945740123750595,7.223800195886386,154765.64106078257,0.9867412885601973,0.9722832966886534,1.0148701432193519
2019-01-10,603777.SH,14.636,14.794,14.55,14.593,1296200.0,0.0,14.649,1.435,1.172,1.206,0,交易,12.100331674958541,12.488054607508532,89085.91065292095,0.9901987292145463,0.9835068270920644,1.0038374563146713
2019-01-11,603777.SH,14.507,14.923,14.507,14.822,1654800.0,1.573,14.768,1.435,1.496,1.54,0,交易,9.624675324675325,9.697192513368984,114069.07010408769,0.9896133485224151,0.9721235676472559,0.9963567669680206
2019-01-14,603777.SH,14.851,14.966,14.622,14.708,1175660.0,-0.774,14.77,1.435,1.063,1.094,0,交易,13.444241316270565,13.970837253057386,80403.50157297224,0.9869036482694107,0.9770145663503943,1.0042153929834103
2019-01-15,603777.SH,14.636,14.98,14.363,14.908,1930957.0,1.366,14.774,1.435,1.745,1.797,0,交易,8.2960489705064,8.387392550143266,134439.67137784587,0.9862483311081441,0.9588117489986648,0.991011537429568
2019-01-16,603777.SH,14.851,16.401,14.822,16.401,5006496.0,10.01,16.205,1.435,4.526,4.658,0,交易,3.5210390725633314,3.281263809102961,337774.6592902443,0.9880495091762697,0.903725382598622,0.9880495091762697
2019-01-17,603777.SH,17.161,17.161,16.085,16.128,15864024.0,-1.662,16.694,1.435,14.34,14.761,0,交易,1.092608901835919,1.1967224546722455,986261.9832141746,0.9727871336169219,0.9372996911601887,1.035094246031746
2019-01-18,603777.SH,15.999,16.229,15.698,15.812,8034722.0,-1.957,15.876,1.435,7.263,7.476,0,交易,2.1150347779561263,2.2028087567121024,511830.933876927,0.9782488138517469,0.967280793641013,1.004047558816089
2019-01-21,603777.SH,15.712,15.97,15.612,15.784,5051180.0,-0.181,15.786,1.435,4.566,4.7,0,交易,3.3582978723404255,3.4410862899693386,323544.70919805276,0.9884783969943644,0.9775829680651221,1.0001267105930054
2019-01-22,603777.SH,15.812,15.87,15.31,15.468,3836060.0,-2.0,15.525,1.435,3.468,3.569,0,交易,4.33398711123564,4.559400230680508,250559.11169170475,0.9782608695652175,0.96471329552615,1.0036850271528317
2019-01-23,603777.SH,15.382,15.712,15.382,15.511,2737560.0,0.278,15.52,1.435,2.475,2.547,0,交易,6.089909697683549,6.214949494949495,177971.65518138083,0.9877800407331976,0.9789969450101833,1.0005802333827607
2019-01-24,603777.SH,15.511,16.2,15.482,15.985,5645825.0,3.053,15.841,1.435,5.103,5.253,0,交易,3.043023034456501,3.0395845581030767,364670.2622400207,0.9778395061728395,0.955679012345679,0.990991554582421
2019-01-25,603777.SH,15.899,16.745,15.784,15.798,8368260.0,-1.167,16.264,1.435,7.564,7.786,0,交易,2.02902645774467,2.10193019566367,530173.5935124176,0.9712750074649148,0.9426097342490295,1.0294974047347765
2019-01-28,603777.SH,15.999,16.343,15.784,16.071,5006925.0,1.726,16.018,1.435,4.526,4.659,0,交易,3.449452672247264,3.5349094122845783,317215.21794222,0.9801138101939669,0.965795753533623,0.9967021342791362
2019-01-29,603777.SH,15.87,16.487,15.382,16.128,5576864.0,0.357,15.984,1.435,5.041,5.189,0,交易,3.1081133166313357,3.1481848839515965,362557.7948251203,0.9694911142111968,0.9329774974222115,0.9910714285714286
2019-01-30,603777.SH,15.798,15.827,14.607,14.736,5686345.0,-8.63,15.276,1.435,5.14,5.291,0,交易,2.785106785106785,3.0735408560311286,389289.0395016088,0.9651860744297719,0.9229165350350667,1.036644951140065
2019-01-31,603777.SH,14.421,14.679,13.732,13.875,4426380.0,-5.842,14.279,1.435,4.001,4.119,0,交易,3.3685360524399126,3.6043489127718065,322340.5184969415,0.972750187342462,0.9354860685332788,1.0291171171171172
2019-02-01,603777.SH,14.005,14.306,14.005,14.263,1798860.0,2.792,14.206,1.435,1.626,1.674,0,交易,8.520310633213859,8.613161131611317,128444.12709746519,0.9930099259052146,0.978959876974696,0.9960036457968169
2019-02-11,603777.SH,14.392,14.607,14.349,14.564,1884200.0,2.113,14.533,1.435,1.703,1.753,0,交易,8.308043354249858,8.450968878449794,131312.28657049272,0.9949339357842131,0.982337235571986,0.9978714638835484
2019-02-12,603777.SH,14.679,14.765,14.478,14.708,2370080.0,0.985,14.639,1.435,2.142,2.205,0,交易,6.6702947845804985,6.852941176470589,163702.16880784638,0.9914663054520826,0.9805621401964104,0.9953086755507207
2019-02-13,603777.SH,14.679,14.865,14.55,14.837,3135296.0,0.878,14.749,1.435,2.834,2.917,0,交易,5.086390126842646,5.179604798870854,215484.26116838487,0.9921964345778675,0.9788092835519677,0.9940688818494305
2019-02-14,603777.SH,14.923,15.066,14.693,14.808,3360861.0,-0.193,14.867,1.435,3.038,3.127,0,交易,4.735529261272785,4.91211323238973,228738.923296808,0.9867914509491571,0.9752422673569626,1.0039843327930849
2019-02-15,603777.SH,14.779,15.181,14.722,15.038,4103381.0,1.55,14.97,1.435,3.709,3.818,0,交易,3.9387113672079623,3.984631976273928,278724.42602907214,0.986101047361834,0.9697648376259799,0.9954781220907036
2019-02-18,603777.SH,15.052,15.468,15.023,15.468,3935981.0,2.863,15.25,1.435,3.558,3.662,0,交易,4.22392135445112,4.230466554243957,261997.00459295747,0.9859063873803983,0.9712309283682441,0.9859063873803983
2019-02-19,603777.SH,15.468,15.698,15.181,15.382,4229881.0,-0.557,15.397,1.435,3.824,3.936,0,交易,3.908028455284553,4.044979079497908,278629.93215203215,0.9808255828767996,0.967065868263473,1.0009751657781822
2019-02-20,603777.SH,15.382,15.755,15.282,15.626,3762342.0,1.586,15.502,1.435,3.401,3.501,0,交易,4.463296201085404,4.5227874154660395,246194.34628975266,0.983941605839416,0.9699777848302126,0.9920645078714962
2019-02-21,603777.SH,15.583,15.927,15.439,15.64,6106380.0,0.092,15.708,1.435,5.52,5.682,0,交易,2.752551918338613,2.823007246376812,395516.54899928754,0.9862497645507629,0.9693602059395995,1.0043478260869565
2019-02-22,603777.SH,15.511,15.827,15.439,15.741,3716660.0,0.642,15.634,1.435,3.36,3.458,0,交易,4.552053209947946,4.616369047619048,240731.91268864565,0.9878056485752196,0.975484930814431,0.9932024649005782
2019-02-25,603777.SH,15.798,16.473,15.769,16.315,9305237.0,3.646,16.084,1.435,8.411,8.658,0,交易,1.8843843843843846,1.878254666508144,590096.8355634472,0.9763856006799004,0.9572634007163238,0.9858412503830829
2019-02-26,603777.SH,16.257,16.415,16.042,16.214,7405241.0,-0.616,16.182,1.435,6.694,6.89,0,交易,2.353265602322206,2.428592769644458,461615.82096995384,0.985805665549802,0.9772768809016146,0.9980263969409152
2019-02-27,603777.SH,16.071,16.53,15.999,16.157,6111177.0,-0.354,16.217,1.435,5.524,5.686,0,交易,2.841540626099191,2.909304851556843,381972.43577723607,0.9810647307924983,0.9678765880217786,1.0037135606857708
2019-02-28,603777.SH,16.157,16.229,15.784,16.214,4139032.0,0.355,16.118,1.435,3.741,3.851,0,交易,4.21033497792781,4.318898690189789,262229.5995945261,0.9931603918910592,0.9725799494731654,0.9940791908227458
2019-03-01,603777.SH,16.243,16.415,15.985,16.114,3658832.0,-0.619,16.114,1.435,3.307,3.404,0,交易,4.733842538190364,4.911702449349864,228891.5858617454,0.9816631130063966,0.9738044471519951,1.0
2019-03-04,603777.SH,16.143,16.458,16.085,16.214,6692104.0,0.623,16.277,1.435,6.049,6.227,0,交易,2.6038220651999353,2.6687055711687884,416046.25427416846,0.9890023089075224,0.9773362498480983,1.0038855310225732
2019-03-05,603777.SH,16.143,16.573,16.114,16.501,6784296.0,1.77,16.361,1.435,6.133,6.312,0,交易,2.6142268694550066,2.632153921408772,421018.74146704725,0.9872081095758161,0.9723043504495263,0.9915156657172293
2019-03-06,603777.SH,16.473,16.946,16.343,16.932,9149910.0,2.609,16.663,1.435,8.271,8.513,0,交易,1.9889580641372018,1.9916575988393177,559867.221440372,0.9832998937802431,0.9644163814469491,0.9841129222773448
2019-03-07,603777.SH,16.932,17.764,16.516,17.276,10635108.0,2.034,17.133,1.435,9.613,9.895,0,交易,1.745932289034866,1.7613648184749817,643927.5853717608,0.9644787210087817,0.9297455528034226,0.991722620977078
2019-03-08,603777.SH,16.932,17.032,16.042,16.071,7968349.0,-6.977,16.591,1.435,7.203,7.414,0,交易,2.1676557863501484,2.3506872136609744,496717.9279391597,0.9741075622357915,0.941874119304838,1.0323564183933793
2019-03-11,603777.SH,16.071,16.616,16.013,16.587,4767932.0,3.214,16.393,1.435,4.31,4.436,0,交易,3.739179440937782,3.7287703016241305,297753.82501717354,0.9865792007703419,0.963709677419355,0.9883040935672516
2019-03-12,603777.SH,16.659,17.133,16.516,16.846,6811408.0,1.557,16.841,1.435,6.157,6.338,0,交易,2.6579362574944776,2.705700828325483,412412.6907241463,0.9829568668651142,0.9639876262184088,0.9997031936364716
2019-03-13,603777.SH,16.774,17.592,16.559,16.975,9433780.0,0.767,17.171,1.435,8.528,8.778,0,交易,1.933811802232855,1.9669324577861163,569707.1079171447,0.9760686675761711,0.941280127330605,1.011546391752577
2019-03-14,603777.SH,16.932,17.075,16.286,16.501,4754740.0,-2.79,16.525,1.435,4.298,4.424,0,交易,3.7298824593128392,3.9395067473243364,291952.597322854,0.9677891654465592,0.9537920937042461,1.0014544573056177
2019-03-15,603777.SH,16.501,17.176,16.473,17.075,5897500.0,3.478,16.866,1.435,5.331,5.487,0,交易,3.1119008565700748,3.095291690114425,358010.07709585386,0.981951560316721,0.959070796460177,0.9877598828696925
2019-03-18,603777.SH,17.118,17.764,16.903,17.707,9113888.0,3.697,17.46,1.435,8.238,8.48,0,交易,2.0880896226415095,2.077931536780772,539187.599834349,0.9828867372213467,0.951531186669669,0.9860507144067318
2019-03-19,603777.SH,17.563,17.606,17.147,17.319,6429648.0,-2.188,17.354,1.435,5.812,5.982,0,交易,2.8951855566700098,3.0218513420509288,374972.18172275036,0.9856866977166874,0.9739293422696806,1.0020209018996478
2019-03-20,603777.SH,17.29,17.305,16.803,17.176,4521420.0,-0.829,17.045,1.435,4.087,4.207,0,交易,4.082719277394818,4.2304869097137265,269084.092126406,0.9849754406240971,0.9709910430511414,0.9923730787144855
2019-03-21,603777.SH,17.176,17.362,16.932,17.09,5508823.0,-0.501,17.165,1.435,4.98,5.126,0,交易,3.3339836129535696,3.4489959839357422,325349.81100874086,0.9886533809468956,0.9752332680566755,1.0043885313048566
2019-03-22,603777.SH,17.061,17.707,16.932,17.506,6918446.0,2.435,17.314,1.435,6.254,6.437,0,交易,2.7195898710579463,2.7280140709945635,408601.8190408694,0.9778053876997798,0.9562319986446037,0.9890323317719639
2019-03-25,603777.SH,17.219,17.333,16.96,17.018,4212940.0,-2.787,17.099,1.435,3.808,3.92,0,交易,4.341326530612245,4.521796218487395,248404.48113207545,0.9864997403796227,0.97848035539145,1.0047596662357503
2019-03-26,603777.SH,17.018,17.133,16.214,16.286,4769394.0,-4.3,16.669,1.435,4.311,4.438,0,交易,3.6696710229833265,3.9475759684527953,294152.8308868879,0.9729177610459349,0.9463608241405475,1.0235171312783986
2019-03-27,603777.SH,16.372,16.673,15.97,16.63,3674280.0,2.115,16.405,1.435,3.321,3.419,0,交易,4.863995320269084,4.929840409515206,230073.8885410144,0.9839261080789302,0.9578360223115218,0.9864702345159352
2019-03-28,603777.SH,16.573,16.716,16.257,16.272,2816386.0,-2.157,16.475,1.435,2.546,2.62,0,交易,6.210687022900762,6.50942655145326,173241.43445900225,0.9855826752811677,0.9725412778176598,1.012475417895772
2019-03-29,603777.SH,16.286,16.774,16.171,16.745,3459904.0,2.91,16.522,1.435,3.128,3.219,0,交易,5.20192606399503,5.206521739130435,213957.3310246738,0.9849767497317276,0.964051508286634,0.9866825918184531
2019-04-01,603777.SH,16.817,17.391,16.817,17.233,5120540.0,2.913,17.144,1.435,4.629,4.764,0,交易,3.6173383711167086,3.632966083387341,304485.93684961647,0.9857972514519004,0.9669944224023922,0.9948354900481633
2019-04-02,603777.SH,17.377,18.955,17.247,17.922,13589425.0,3.997,18.134,1.435,12.284,12.644,0,交易,1.4174311926605505,1.414604363399544,787929.7848901259,0.956686890002638,0.9098918491163283,1.0118290369378418
2019-04-03,603777.SH,17.793,18.625,17.663,18.496,11544372.0,3.203,18.304,1.435,10.435,10.741,0,交易,1.7219998137975978,1.7051269765213224,653590.6697616486,0.9827651006711409,0.9483489932885906,0.9896193771626297
2019-04-04,603777.SH,18.324,18.438,17.85,18.08,7619626.0,-2.25,18.116,1.435,6.888,7.09,0,交易,2.5500705218617767,2.6602787456445998,426869.8039215686,0.982536066818527,0.968109339407745,1.0019911504424779
2019-04-08,603777.SH,18.108,18.438,17.506,17.85,6259253.0,-1.27,18.017,1.435,5.658,5.824,0,交易,3.0649038461538467,3.200424178154825,357549.011767394,0.977166720902484,0.949452218244929,1.0093557422969186
2019-04-09,603777.SH,17.707,17.965,17.506,17.807,3790200.0,-0.241,17.772,1.435,3.426,3.527,0,交易,5.048766657215763,5.168417980151781,216508.62561407516,0.9892568883940995,0.9744503200667965,0.9980344808221486
2019-04-10,603777.SH,17.678,17.907,17.405,17.649,3442162.0,-0.886,17.622,1.435,3.112,3.203,0,交易,5.510146737433656,5.680591259640103,197768.57224935363,0.9840844362539789,0.9719662701736752,0.9984701682814889
2019-04-11,603777.SH,17.649,17.994,17.434,17.994,4788924.0,1.951,17.751,1.435,4.329,4.456,0,交易,4.038150807899461,4.0769230769230775,274688.7690719284,0.9864954984994999,0.9688785150605759,0.9864954984994999
2019-04-12,603777.SH,17.936,18.295,17.663,17.75,4100822.0,-1.356,17.928,1.435,3.707,3.816,0,交易,4.65146750524109,4.83841381170758,232170.1862650739,0.9799398742825908,0.9654550423613009,1.0100281690140847
2019-04-15,603777.SH,17.75,17.936,17.176,17.204,3718347.0,-3.072,17.639,1.435,3.361,3.46,0,交易,4.972254335260116,5.281166319547753,216485.03726129484,0.9834411239964317,0.9576271186440677,1.0252848174843059
2019-04-16,603777.SH,17.204,17.204,16.573,17.133,3976370.0,-0.417,16.903,1.435,3.594,3.7,0,交易,4.63054054054054,4.786867000556484,239930.61002835937,0.9825040688212042,0.963322483143455,0.9865756143115625
2019-04-17,603777.SH,17.075,17.506,16.932,17.405,3364071.0,1.591,17.266,1.435,3.041,3.13,0,交易,5.560702875399362,5.614929299572509,198681.25442948265,0.9862904147149547,0.9672112418599337,0.9920137891410512
2019-04-18,603777.SH,17.305,17.534,17.176,17.176,2682686.0,-1.319,17.327,1.435,2.425,2.496,0,交易,6.8814102564102555,7.1360824742268045,156188.05309734514,0.9881943652332612,0.9795825253792632,1.0087913367489523
2019-04-19,603777.SH,17.147,17.506,17.032,17.405,2647040.0,1.337,17.334,1.435,2.393,2.463,0,交易,7.0665854648802275,7.165482657751776,155415.68811648662,0.9901747972123843,0.9729235690620358,0.9959207124389542
2019-04-22,603777.SH,17.477,17.879,17.362,17.506,3763531.0,0.577,17.64,1.435,3.402,3.502,0,交易,4.998857795545403,5.137272192827748,216768.28706370236,0.9866323619889256,0.9710833939258346,1.0076545184508168
2019-04-23,603777.SH,17.491,17.85,17.104,17.85,5019128.0,1.967,17.531,1.435,4.537,4.67,0,交易,3.8222698072805144,3.855190654617589,293447.6145930777,0.9821288515406161,0.9582072829131651,0.9821288515406161
2019-04-24,603777.SH,17.764,18.453,17.635,18.438,9326072.0,3.296,18.24,1.435,8.43,8.677,0,交易,2.1249279704967154,2.10723606168446,528838.7865041111,0.9884571614371647,0.9556711645802851,0.989261308167914
2019-04-25,603777.SH,18.08,18.424,17.104,17.19,6084438.0,-6.77,17.791,1.435,5.5,5.661,0,交易,3.0365659777424487,3.287272727272727,355731.8755846586,0.9656426400347373,0.9283543204515848,1.0349621873182082
2019-04-26,603777.SH,17.29,18.912,17.204,18.912,9443866.0,10.017,18.324,1.435,8.537,8.787,0,交易,2.152270399453738,2.0253016282066296,548934.317600558,0.9689086294416245,0.9096869712351947,0.9689086294416245
2019-04-29,603777.SH,19.371,20.045,18.438,18.51,18683559.0,-2.124,19.184,1.435,16.889,17.384,0,交易,1.064772204325817,1.1469595594765825,1013318.0930686626,0.9570466450486406,0.9198303816413069,1.0364127498649378
2019-04-30,603777.SH,17.692,19.572,16.673,19.357,15956115.0,4.574,18.296,1.435,14.423,14.846,0,交易,1.3038528896672503,1.2266518754766693,957003.2387692678,0.9348048232168404,0.85188023707337,0.9451877873637444
2019-05-06,603777.SH,18.582,21.294,18.223,21.294,25663943.0,10.007,19.873,1.435,23.199,23.879,0,交易,0.8917458855060932,0.800982800982801,1408327.0043351809,0.933267587113741,0.8557809711655865,0.933267587113741
2019-05-07,603777.SH,22.083,23.417,21.48,23.417,27837081.0,9.973,22.503,1.435,25.163,25.901,0,交易,0.9040963669356397,0.8775980606445971,1295953.4916201117,0.9609685271384036,0.9172823162659606,0.9609685271384036
2019-05-08,603777.SH,23.934,25.756,23.604,25.756,47582544.0,9.988,25.036,1.435,43.012,44.273,0,交易,0.5817541165044158,0.5564493629684739,2015867.8190137267,0.9720453486566237,0.9164466532070197,0.9720453486566237
2019-05-09,603777.SH,23.188,23.188,23.188,23.188,5723000.0,-9.972,23.188,1.435,5.173,5.325,0,交易,4.354553990610328,4.482505316064179,246808.69415214768,1.0,1.0,1.0
2019-05-10,603777.SH,21.193,22.944,21.193,22.155,38275588.0,-4.455,22.089,1.435,34.599,35.613,0,交易,0.6221042877600876,0.6125321541085004,1806048.6009531447,0.9627353556485355,0.9236837517433752,0.9970209884901827
2019-05-13,603777.SH,21.236,23.331,20.246,22.542,32062962.0,1.749,21.619,1.435,28.983,29.833,0,交易,0.7556062078905911,0.7327053790152849,1583668.9716487208,0.9266212335519266,0.8677724915348677,0.9590542099192617
2019-05-14,603777.SH,21.595,22.356,20.662,20.806,25053643.0,-7.702,21.597,1.435,22.647,23.311,0,交易,0.8925400025738922,0.953547931293328,1212546.849288549,0.9660493827160493,0.9242261585256754,1.0380178794578487
2019-05-15,603777.SH,21.236,22.714,21.035,22.126,29437834.0,6.345,21.837,1.435,26.61,27.39,0,交易,0.8078130704636729,0.7980458474257798,1399469.1704302353,0.9613894514396408,0.9260808312054241,0.9869384434601826
2019-05-16,603777.SH,22.198,22.729,21.609,21.652,26029922.0,-2.14,22.157,1.435,23.529,24.219,0,交易,0.8940088360378216,0.9434315100514259,1204587.0702022305,0.9748339126226407,0.9507237449953805,1.0233234805098836
2019-05-17,603777.SH,21.452,23.231,21.452,22.384,29692876.0,3.38,22.469,1.435,26.841,27.628,0,交易,0.8101925582742145,0.799225066130174,1384154.204736155,0.9671990013344238,0.9234212905169816,1.0037973552537527
2019-05-20,603777.SH,21.523,21.523,20.146,20.146,3438400.0,-10.0,20.446,1.435,3.108,3.199,0,交易,6.297592997811817,6.925032175032174,170674.07922168172,0.9499605073642151,0.9360219300283418,1.0148912935570338
2019-05-21,603777.SH,18.28,19.916,18.266,19.314,23576307.0,-4.131,18.998,1.435,21.312,21.936,0,交易,0.8804704595185996,0.8577327327327328,1290720.8474761853,0.953906406909018,0.9171520385619601,0.9836388112250182
2019-05-22,603777.SH,18.955,19.299,18.51,18.754,14650941.0,-2.897,18.895,1.435,13.244,13.632,0,交易,1.3757335680751175,1.4312141347025067,791514.910858995,0.9790662728638789,0.9591170526970311,1.0075183960755039
2019-05-23,603777.SH,18.41,18.51,17.506,17.735,14537660.0,-5.432,17.934,1.435,13.141,13.527,0,交易,1.3110815406224587,1.4009588311391827,830438.7067291214,0.9688816855753647,0.9457590491626148,1.011220749929518
2019-05-24,603777.SH,17.836,18.352,17.707,17.75,10821880.0,0.081,17.974,1.435,9.782,10.069,0,交易,1.7628364286423674,1.8233490083827437,611163.9464618512,0.9794027898866609,0.964853966870096,1.012619718309859
2019-05-27,603777.SH,17.649,18.639,17.333,18.324,10988022.0,3.234,18.065,1.435,9.933,10.224,0,交易,1.7922535211267607,1.7768045907580792,633936.5372411008,0.9692043564568915,0.9299318632973872,0.9858655315433311
2019-05-28,603777.SH,18.151,18.754,18.065,18.18,13681145.0,-0.783,18.436,1.435,12.367,12.73,0,交易,1.4281225451688924,1.4676962885097435,757328.8126210904,0.9830436173616295,0.9632611709501973,1.014081408140814
2019-05-29,603777.SH,18.151,18.811,18.008,18.783,12748942.0,3.315,18.474,1.435,11.524,11.862,0,交易,1.5834597875569045,1.5750607427976397,707959.9067081298,0.9820849502950402,0.9573122109404072,0.9835489538412394
2019-05-30,603777.SH,18.998,19.514,18.797,19.041,17790691.0,1.375,19.106,1.435,16.082,16.553,0,交易,1.1503050806500332,1.1813207312523317,946464.3826142469,0.9790919339961055,0.963257148713744,1.003413686255974
2019-05-31,603777.SH,18.697,18.783,18.194,18.295,10813381.0,-3.919,18.386,1.435,9.775,10.061,0,交易,1.818407712950999,1.9127365728900254,594337.7487083654,0.9788638662620454,0.9686418569983495,1.0049740366220277
2019-06-03,603777.SH,18.051,18.338,17.506,17.663,9041620.0,-3.451,17.826,1.435,8.173,8.413,0,交易,2.099488886247474,2.2086137281292055,516486.91877070715,0.9720798342240157,0.9546297306140255,1.009228330408198
2019-06-04,603777.SH,17.663,17.936,17.477,17.577,6658195.0,-0.487,17.694,1.435,6.019,6.195,0,交易,2.8372881355932207,2.9345406213656755,380968.98781255365,0.986507582515611,0.9744090098126673,1.0066564260112645
2019-06-05,603777.SH,17.721,18.395,17.649,18.18,10104418.0,3.429,18.087,1.435,9.134,9.402,0,交易,1.9336311423101469,1.9401138603021677,572520.7093886338,0.9832563196520794,0.9594455014949715,0.9948844884488449
2019-06-06,603777.SH,18.094,18.826,17.649,18.438,12100197.0,1.421,18.313,1.435,10.938,11.259,0,交易,1.6376232347455368,1.654232949350887,685602.4137344891,0.9727504515032401,0.9374800807394029,0.9932205228332791
2019-06-10,603777.SH,19.5,20.232,18.725,18.926,16035940.0,2.646,19.198,1.435,14.496,14.921,0,交易,1.268413645198043,1.3451986754966887,856391.989319092,0.948892843020957,0.9255140371688415,1.0143717637112968
2019-06-11,603777.SH,19.744,20.634,19.744,20.476,22727482.0,8.188,20.148,1.435,20.544,21.147,0,交易,0.9682697309311014,0.9610591900311526,1151108.2860615884,0.9764466414655423,0.9568673063875157,0.9839812463371752
2019-06-12,603777.SH,19.084,20.06,18.984,19.658,18269615.0,-3.994,19.604,1.435,16.515,16.999,0,交易,1.156420965939173,1.1555555555555554,962369.1002949851,0.9772681954137588,0.9463609172482553,0.9972530267575541
2019-06-13,603777.SH,19.385,19.945,19.084,19.888,12712945.0,1.168,19.435,1.435,11.492,11.829,0,交易,1.6812917406374166,1.686825617821093,666157.2521483966,0.9744296816244672,0.9568312860366006,0.9772224456958969
2019-06-14,603777.SH,19.687,19.801,18.768,18.768,8597845.0,-5.628,19.237,1.435,7.772,8.0,0,交易,2.346,2.533067421513124,458111.94586530264,0.9715165900712085,0.9478309176304228,1.0249893435635122
2019-06-17,603777.SH,18.768,19.17,18.754,19.012,5681913.0,1.3,18.94,1.435,5.136,5.287,0,交易,3.5959901645545678,3.6542056074766354,302970.7262450677,0.9880020865936359,0.9782994261867501,0.9962129181569536
2019-06-18,603777.SH,19.084,19.156,18.194,18.481,7800998.0,-2.792,18.663,1.435,7.052,7.258,0,交易,2.546293744833288,2.7061826432217813,428767.6156974827,0.9742639381916893,0.9497807475464607,1.009847951950652
2019-06-19,603777.SH,18.869,19.055,18.668,18.754,7653122.0,1.475,18.848,1.435,6.918,7.121,0,交易,2.633618873753686,2.7275224053194562,409959.3957574459,0.989136709525059,0.9796903699816321,1.0050122640503358
2019-06-20,603777.SH,18.811,19.084,18.438,18.998,7890649.0,1.301,18.859,1.435,7.133,7.342,0,交易,2.5875783165350046,2.637179307444273,427955.797808873,0.98821001886397,0.9661496541605533,0.9926834403621434
2019-06-21,603777.SH,18.998,19.873,18.926,19.859,13228181.0,4.532,19.435,1.435,11.957,12.308,0,交易,1.6135034124146899,1.588860081960358,698942.248758322,0.9779600462939666,0.9523474060282794,0.9786494788257212
2019-06-24,603777.SH,19.701,19.701,19.328,19.615,8308121.0,-1.228,19.525,1.435,7.51,7.73,0,交易,2.5375161707632596,2.6233022636484686,429848.9755794702,0.9910664433277497,0.9810669509161971,0.9954116747387204
2019-06-25,603777.SH,19.543,19.615,19.156,19.328,5245720.0,-1.463,19.376,1.435,4.742,4.881,0,交易,3.9598442942020076,4.12125685364825,273842.1382334517,0.9878154473617131,0.9765995411674739,1.0024834437086094
2019-06-26,603777.SH,19.328,20.605,19.285,20.103,14620901.0,4.009,20.028,1.435,13.216,13.604,0,交易,1.4777271390767424,1.4624697336561743,758148.8721804512,0.9719970880854161,0.9359378791555447,0.9962692135502162
2019-06-27,603777.SH,19.945,20.806,19.83,20.548,14182516.0,2.213,20.337,1.435,12.82,13.196,0,交易,1.557138526826311,1.5557722308892357,715205.042864347,0.9774584254541958,0.9530904546765355,0.9897313607163715
2019-06-28,603777.SH,20.519,21.495,20.347,20.462,11655710.0,-0.419,20.766,1.435,10.536,10.845,0,交易,1.8867680958967266,1.9475132877752468,572846.6112940483,0.9660851360781576,0.9465922307513376,1.0148568077411786
2019-07-01,603777.SH,20.835,21.509,20.447,21.509,15823100.0,5.119,21.019,1.435,14.303,14.723,0,交易,1.4609114990151464,1.4566874082360344,773859.2458551377,0.9772188386256915,0.9506253196336417,0.9772188386256915
2019-07-02,603777.SH,21.523,22.499,21.093,22.054,16168138.0,2.535,21.887,1.435,14.615,15.044,0,交易,1.4659664982717362,1.4726650701334245,766516.7591143982,0.9727987910573804,0.9375083337037202,0.9924276775188176
2019-07-03,603777.SH,21.81,22.944,21.552,22.112,17239144.0,0.26,22.273,1.435,15.583,16.04,0,交易,1.3785536159600997,1.399602130526856,799886.0430586488,0.9707548814504882,0.9393305439330544,1.0072811143270624
2019-07-04,603777.SH,21.638,21.81,20.691,20.806,12242160.0,-5.905,21.042,1.435,11.066,11.391,0,交易,1.8265297164428058,1.9553587565515995,591665.9417137887,0.9647867950481431,0.9486932599724897,1.0113428818610017
2019-07-05,603777.SH,20.906,21.136,20.533,21.05,6748860.0,1.172,20.844,1.435,6.101,6.279,0,交易,3.352444656792483,3.4266513686280935,328683.5825256903,0.9861847085541258,0.9714704769114308,0.9902137767220903
2019-07-08,603777.SH,21.007,22.169,20.662,21.853,15140165.0,3.817,21.394,1.435,13.686,14.087,0,交易,1.551288421949315,1.5349262019582055,732754.089633143,0.9650412738508728,0.9320221931526004,0.9789960188532465
2019-07-09,603777.SH,21.308,21.308,20.519,20.792,9869864.0,-4.859,20.822,1.435,8.922,9.183,0,交易,2.2641838179244256,2.3882537547635057,481010.96544665925,0.9771916651023089,0.9629716538389337,1.0014428626394767
2019-07-10,603777.SH,20.591,20.849,19.945,20.031,7304285.0,-3.658,20.326,1.435,6.603,6.796,0,交易,2.9474690994702764,3.1184310162047555,366221.35873652546,0.9749148640222552,0.9566406062640894,1.0147271728820328
2019-07-11,603777.SH,20.175,20.375,19.974,20.289,5221610.0,1.289,20.194,1.435,4.72,4.858,0,交易,4.176410045286127,4.274364406779662,261420.3464503855,0.9911165644171779,0.980319018404908,0.9953176598156636
2019-07-12,603777.SH,20.275,20.476,20.045,20.418,4412306.0,0.636,20.267,1.435,3.988,4.105,0,交易,4.973934226552983,5.0840020060180535,220120.02993265152,0.9897929283063098,0.9789509669857396,0.9926045645998629
2019-07-15,603777.SH,20.289,20.906,20.088,20.906,6440728.0,2.389,20.608,1.435,5.822,5.993,0,交易,3.4884031369931585,3.484884919271728,320625.64715252887,0.985745718932364,0.9608724768009185,0.985745718932364
2019-07-16,603777.SH,20.979,20.979,20.442,20.587,4821506.0,-1.526,20.607,1.45,4.358,4.486,0,交易,4.589166295140437,4.8139054612207435,235862.73358771158,0.9822679822679823,0.9744029744029744,1.00097148686064
2019-07-17,603777.SH,20.558,20.558,19.906,19.964,7139999.0,-3.028,20.114,1.45,6.454,6.643,0,交易,3.0052687038988406,3.1853114347691354,358685.77313372854,0.9784025683432241,0.9682848526121217,1.007513524343819
2019-07-18,603777.SH,19.717,19.717,19.08,19.138,6266978.0,-4.139,19.277,1.45,5.665,5.831,0,交易,3.2821128451380552,3.4804942630185347,328457.9664570231,0.977684231881118,0.9676928538824364,1.007263036889957
2019-07-19,603777.SH,19.138,19.355,18.993,19.051,4297087.0,-0.455,19.177,1.45,3.884,3.998,0,交易,4.765132566283141,4.927394438722967,226245.82741009849,0.9908034099715836,0.9812968225264789,1.006613826045877
2019-07-22,603777.SH,19.123,19.123,18.05,18.137,5604280.0,-4.795,18.363,1.45,5.066,5.214,0,交易,3.478519370924434,3.7747729964469015,310486.4265927978,0.9602572818072478,0.9438895570778644,1.0124607156641119
2019-07-23,603777.SH,18.094,18.558,18.079,18.558,3105889.0,2.318,18.356,1.45,2.808,2.89,0,交易,6.421453287197232,6.4437321937321945,171795.39797555175,0.989115206379998,0.974189028990193,0.989115206379998
2019-07-24,603777.SH,18.514,19.109,18.471,18.746,3659053.0,1.016,18.844,1.45,3.308,3.405,0,交易,5.505433186490455,5.596735187424426,198097.1793622435,0.9861321890208802,0.9666125909257417,1.0052277819268112
2019-07-25,603777.SH,18.746,19.544,18.587,19.254,6469882.0,2.707,19.107,1.45,5.848,6.02,0,交易,3.1983388704318942,3.2055403556771545,348086.40447624685,0.977640196479738,0.9510335652885796,0.9923652228108444
2019-07-26,603777.SH,19.21,19.399,18.79,18.877,4041552.0,-1.958,19.02,1.45,3.653,3.76,0,交易,5.020478723404255,5.258691486449494,215090.58009579565,0.980462910459302,0.968606629207691,1.007575356253642
2019-07-29,603777.SH,19.123,19.123,18.645,18.79,2990818.0,-0.461,18.823,1.45,2.704,2.783,0,交易,6.751706791232483,7.072115384615384,160408.58138911237,0.9843120849239135,0.975003921978769,1.0017562533262374
2019-07-30,603777.SH,18.703,18.964,18.688,18.906,3015918.0,0.617,18.873,1.45,2.726,2.806,0,交易,6.737704918032787,6.860968451944241,161382.59845890413,0.995201434296562,0.985446108415946,0.9982545223738497
2019-07-31,603777.SH,18.833,18.848,18.384,18.587,2959612.0,-1.687,18.62,1.45,2.675,2.754,0,交易,6.749092229484386,7.0403738317757005,160988.4682332463,0.9879032258064517,0.9753820033955858,1.0017754344434282
2019-08-01,603777.SH,18.427,18.877,18.384,18.848,2786968.0,1.404,18.708,1.45,2.519,2.593,0,交易,7.268800617045892,7.315204446208813,151597.47606614447,0.9910473062456958,0.9738835620066749,0.9925721561969439
2019-08-02,603777.SH,18.645,18.645,17.702,18.036,4886520.0,-4.308,18.168,1.45,4.417,4.547,0,交易,3.9665713657356503,4.221190853520489,276043.3849282567,0.9744167337087691,0.9494234379190133,1.0073186959414504
2019-08-05,603777.SH,18.036,18.384,17.847,17.876,2949620.0,-0.884,18.148,1.45,2.666,2.744,0,交易,6.514577259475218,6.765191297824456,165272.59483386562,0.9871627502175805,0.970789817232376,1.0152159319758334
2019-08-06,603777.SH,17.514,17.978,16.963,17.978,4904540.0,0.568,17.504,1.45,4.433,4.563,0,交易,3.939951786105633,3.9508233701782087,289131.6394505689,0.973634442095895,0.9435421070196907,0.973634442095895
2019-08-07,603777.SH,17.978,18.108,17.427,17.514,3347780.0,-2.581,17.665,1.45,3.026,3.115,0,交易,5.622471910112359,5.941176470588236,192103.05847248522,0.9755356748398497,0.9623923127899271,1.0086216740893
2019-08-08,603777.SH,17.543,17.76,17.47,17.499,1837340.0,-0.083,17.594,1.45,1.661,1.71,0,交易,10.233333333333333,10.561709813365441,105171.15054378936,0.9906531531531532,0.983671171171171,1.0054288816503802
2019-08-09,603777.SH,17.644,17.978,17.282,17.398,2605680.0,-0.58,17.589,1.45,2.355,2.424,0,交易,7.177392739273928,7.492144373673035,150774.21594722834,0.9783624429858715,0.9612860162420735,1.0109782733647545
2019-08-12,603777.SH,17.47,18.094,17.267,17.978,4361612.0,3.333,17.885,1.45,3.943,4.058,0,交易,4.430261212419912,4.430636571138726,252598.1351711357,0.9884492096827678,0.9542942411849231,0.9948270107909667
2019-08-13,603777.SH,17.804,17.978,17.572,17.862,4167292.0,-0.645,17.787,1.45,3.767,3.877,0,交易,4.607170492648955,4.72630740642421,237155.24698383795,0.989375903882523,0.9774168428078762,0.9958011420893518
2019-08-14,603777.SH,18.036,18.123,17.688,17.775,3113152.0,-0.487,17.878,1.45,2.814,2.897,0,交易,6.13565757680359,6.409381663113007,176003.618272275,0.9864812668984163,0.975997351431882,1.0057946554149086
2019-08-15,603777.SH,17.18,18.05,17.108,17.775,2966202.0,0.0,17.552,1.45,2.681,2.76,0,交易,6.440217391304348,6.408056695262961,173380.99134907644,0.9724099722991689,0.9478116343490305,0.9874542897327708
2019-08-16,603777.SH,17.731,17.934,17.63,17.789,2634442.0,0.082,17.812,1.45,2.381,2.451,0,交易,7.257853937168503,7.44687106257875,149429.49517867272,0.9931972789115646,0.983048957287833,1.0012929338355163
2019-08-19,603777.SH,17.789,18.181,17.789,18.166,3618480.0,2.119,18.031,1.45,3.271,3.367,0,交易,5.395307395307396,5.4383980434118016,203411.0967451796,0.9917496287332929,0.9784390297563391,0.9925685346251237
2019-08-20,603777.SH,18.166,18.282,17.963,18.05,3200020.0,-0.638,18.082,1.45,2.893,2.977,0,交易,6.063150822976151,6.279294849637056,178145.07598953403,0.9890602778689421,0.9825511432009627,1.0017728531855956
2019-08-21,603777.SH,18.036,18.152,17.905,18.137,2974938.0,0.482,18.011,1.45,2.689,2.768,0,交易,6.552384393063584,6.707326143547788,166151.24266964535,0.9922322609078889,0.9863926840017629,0.9930528753377074
2019-08-22,603777.SH,18.123,18.152,17.717,17.92,2843820.0,-1.199,17.927,1.45,2.571,2.646,0,交易,6.772486772486773,7.049008168028005,160513.63097589888,0.9876046716615248,0.9760356985456147,1.0003906249999999
2019-08-23,603777.SH,17.92,17.963,17.688,17.731,2590460.0,-1.052,17.777,1.45,2.342,2.41,0,交易,7.357261410788382,7.651579846285227,146452.96246042516,0.9896453821744697,0.9846907532149417,1.0025943263211325
2019-08-26,603777.SH,17.369,17.615,17.267,17.485,2565920.0,-1.39,17.453,1.45,2.319,2.387,0,交易,7.3250942605781315,7.489866321690384,148602.536630567,0.9908032926483111,0.9802441101334091,0.998169859879897
2019-08-27,603777.SH,17.601,18.224,17.514,18.123,5166360.0,3.648,17.947,1.45,4.67,4.807,0,交易,3.770126898273351,3.768950749464668,294984.5837615622,0.9848002633889376,0.9610403863037752,0.9902885835678419
2019-08-28,603777.SH,18.848,19.746,18.442,19.544,13350764.0,7.84,18.986,1.45,12.068,12.422,0,交易,1.573337626791177,1.561816373881339,723932.5452770849,0.9615111921401804,0.9339613086194674,0.9714490380679492
2019-08-29,603777.SH,18.79,18.978,18.442,18.543,9870474.0,-5.119,18.684,1.45,8.922,9.184,0,交易,2.0190548780487805,2.1060300381080475,535217.1131113762,0.9845083781220361,0.9717567709979976,1.0076039475812977
2019-08-30,603777.SH,18.558,18.674,17.862,17.978,5888538.0,-3.049,18.272,1.45,5.323,5.479,0,交易,3.281255703595547,3.48637986098065,329668.4581793752,0.9784727428510227,0.9565170825747027,1.0163533207253308
2019-09-02,603777.SH,18.007,18.442,17.876,18.326,3956190.0,1.935,18.265,1.45,3.576,3.681,0,交易,4.97853844064113,5.035514541387025,221312.93354217944,0.9904023424791237,0.9693091855547121,0.9966713958310597
2019-09-03,603777.SH,18.297,18.456,18.108,18.311,4094618.0,-0.079,18.253,1.45,3.701,3.81,0,交易,4.806036745406824,4.943798973250473,226122.0455047493,0.9890008669267447,0.9811443433029909,0.9968325050516084
2019-09-04,603777.SH,18.268,18.442,18.137,18.34,3317924.0,0.158,18.274,1.45,2.999,3.087,0,交易,5.941043083900226,6.09136378792931,182936.75911120913,0.9908903589632362,0.9834616635939702,0.9964013086150492
2019-09-05,603777.SH,18.427,18.645,18.311,18.471,5701712.0,0.711,18.482,1.45,5.154,5.305,0,交易,3.481809613572102,3.575281334885526,311381.79236524494,0.9912577098417806,0.9820863502279432,1.000595528125169
2019-09-06,603777.SH,18.514,18.775,18.224,18.732,5984600.0,1.413,18.488,1.45,5.41,5.568,0,交易,3.3642241379310347,3.4221811460258778,328391.13257243193,0.9847137150466045,0.9706524633821572,0.9869741618620542
2019-09-09,603777.SH,18.833,19.022,18.587,18.978,5737330.0,1.316,18.828,1.45,5.186,5.338,0,交易,3.5552641438741106,3.631507905900501,308674.3422822403,0.9898012827252656,0.9771317421932499,0.992096111286753
2019-09-10,603777.SH,18.935,19.268,18.703,19.268,6897278.0,1.528,19.039,1.45,6.235,6.418,0,交易,3.0021813649111873,3.036888532477947,368779.23327808373,0.9881150093419141,0.970676769773718,0.9881150093419141
2019-09-11,603777.SH,19.239,19.239,18.703,18.703,5570752.0,-2.935,18.943,1.45,5.036,5.183,0,交易,3.6085278796064055,3.8202938840349487,297853.3925038764,0.9846145849576382,0.9721399241124797,1.01283216596268
2019-09-12,603777.SH,18.833,18.935,18.616,18.775,3498410.0,0.388,18.761,1.45,3.162,3.255,0,交易,5.768049155145929,5.956040480708412,187924.90330898153,0.9908106680749934,0.9831528914708213,0.9992543275632491
2019-09-16,603777.SH,18.804,18.804,18.529,18.63,3610686.0,-0.772,18.665,1.45,3.264,3.36,0,交易,5.544642857142857,5.761029411764706,194866.74941982838,0.9926079557540949,0.9853754520314827,1.0018786902844874
2019-09-17,603777.SH,18.601,18.703,18.166,18.21,3320706.0,-2.257,18.387,1.45,3.002,3.09,0,交易,5.893203883495146,6.19620253164557,182797.86414180335,0.983104314815805,0.971288028658504,1.0097199341021417
2019-09-18,603777.SH,18.21,19.152,18.21,18.833,6461797.0,3.424,18.738,1.45,5.841,6.012,0,交易,3.1325681969394545,3.1176168464304057,354848.81933003844,0.9783834586466165,0.9508145363408521,0.9949556629320874
2019-09-19,603777.SH,18.761,19.138,18.514,19.138,7067997.0,1.617,18.858,1.45,6.389,6.576,0,交易,2.9102798053527983,2.9364532790734073,381764.9886572324,0.9853694220921726,0.9673947120911275,0.9853694220921726
2019-09-20,603777.SH,19.138,19.993,18.848,19.5,13496512.0,1.894,19.631,1.45,12.2,12.558,0,交易,1.5527950310559007,1.568688524590164,716071.3073005094,0.9818936627819738,0.9427299554844195,1.0067179487179487
2019-09-23,603777.SH,19.21,19.804,19.036,19.428,8715183.0,-0.372,19.366,1.45,7.878,8.109,0,交易,2.3958564557898634,2.4384361513074384,457826.38159277156,0.9778832559078975,0.9612199555645325,0.9968087296685196
2019-09-24,603777.SH,19.399,19.674,18.935,18.993,6665680.0,-2.239,19.292,1.45,6.025,6.202,0,交易,3.062399226056111,3.2197510373443983,352029.5748613679,0.9805835112330996,0.9624377350818338,1.0157426420260098
2019-09-25,603777.SH,18.993,20.892,18.891,20.892,21815883.0,10.0,20.372,1.45,19.72,20.298,0,交易,1.0292639668932901,0.9631338742393509,1154829.4425917105,0.9751100899865978,0.9042217116599655,0.9751100899865978
2019-09-26,603777.SH,20.297,20.834,18.848,20.297,25510013.0,-2.845,20.018,1.45,23.06,23.736,0,交易,0.8551145938658578,0.8801821335646142,1353459.9426994908,0.9608332533358933,0.9046750503983872,0.9862541262255505
2019-09-27,603777.SH,19.746,20.094,19.428,19.819,12327277.0,-2.357,19.775,1.45,11.143,11.47,0,交易,1.7278988666085437,1.7720542044332763,634510.8606135474,0.98412461431273,0.9668557778441326,0.9977799081689288
2019-09-30,603777.SH,19.428,20.297,19.254,19.529,9909142.0,-1.463,19.851,1.45,8.957,9.22,0,交易,2.118112798264642,2.1690298090878644,514653.68235171906,0.978026309306794,0.9486130955313593,1.0164882994520967
2019-10-08,603777.SH,19.21,19.5,17.688,17.905,12275065.0,-8.315,18.321,1.45,11.096,11.421,0,交易,1.5677261185535418,1.7312545061283346,693976.9900497512,0.9395384615384617,0.907076923076923,1.023233733593968
2019-10-09,603777.SH,17.717,17.717,17.006,17.485,6645428.0,-2.348,17.389,1.45,6.007,6.183,0,交易,2.8279152514960377,2.9493923755618443,390769.61072562623,0.9814867076818875,0.9598690523226281,0.9945095796396911
2019-10-10,603777.SH,17.398,17.659,17.311,17.557,4512200.0,0.415,17.49,1.45,4.079,4.198,0,交易,4.182229633158646,4.265261093405247,260655.0748079256,0.9904298091624667,0.9802933348434226,0.9961838582901407
2019-10-11,603777.SH,17.557,17.746,17.311,17.485,3917280.0000000005,-0.413,17.466,1.45,3.541,3.645,0,交易,4.796982167352538,4.9582038972041795,226288.4870891341,0.9842217964611745,0.9754874337878959,0.998913354303689
2019-10-14,603777.SH,17.514,18.094,17.485,17.818,5482116.0,1.907,17.791,1.45,4.955,5.101,0,交易,3.493040580278377,3.534611503531786,313532.51358307124,0.9832541173869791,0.9663424339560074,0.9984846784150858
2019-10-15,603777.SH,17.63,17.731,17.369,17.427,4034100.0,-2.197,17.505,1.45,3.647,3.754,0,交易,4.642248268513585,4.834110227584316,232258.62168230757,0.9872539619874794,0.979583779820653,1.0044758133930107
2019-10-16,603777.SH,17.427,17.528,17.035,17.122,3888000.0,-1.747,17.19,1.45,3.515,3.618,0,交易,4.732448866777225,4.957894736842105,228235.98473730555,0.9807165677772708,0.9718735737106345,1.003971498656699
2019-10-17,603777.SH,17.296,17.76,17.151,17.572,4831174.0,2.625,17.557,1.45,1.432,4.495,0,交易,3.9092324805339262,12.078212290502794,281684.6831088566,0.9885698198198196,0.9657094594594594,0.9991463692237651
2019-10-18,603777.SH,17.47,18.514,17.456,18.166,10402487.0,3.383,18.118,1.45,3.083,9.679,0,交易,1.8768467816923236,5.666558546869931,595926.1571952337,0.9786107810305714,0.942854056389759,0.997357701200044
2019-10-21,603777.SH,17.862,18.427,17.586,18.079,5644800.0,-0.479,18.053,1.45,1.673,5.252,0,交易,3.4423076923076925,10.676628810520022,320982.5997952917,0.9797036956639714,0.9543604493406413,0.9985618673599204
2019-10-22,603777.SH,17.978,18.311,17.818,18.123,4850649.0,0.241,18.042,1.45,1.438,4.513,0,交易,4.0157323288278315,12.502086230876218,272233.0789089684,0.9853093768772869,0.9730762929386708,0.9955305413011091
2019-10-23,603777.SH,18.123,18.123,17.688,17.775,4479072.0,-1.92,17.833,1.45,1.327,4.168,0,交易,4.264635316698656,13.657121326299926,253226.5943012212,0.9839982342879213,0.975997351431882,1.0032630098452884
2019-10-24,603777.SH,17.644,17.789,17.354,17.514,3246580.0,-1.468,17.508,1.45,0.962,3.021,0,交易,5.797418073485601,18.34095634095634,187079.6358188314,0.9842037214008655,0.9755466861543649,0.999657416923604
2019-10-25,603777.SH,17.514,17.746,17.47,17.717,2781560.0,1.159,17.645,1.45,0.824,2.588,0,交易,6.845826893353941,21.25485436893204,159219.23297080712,0.994308576580638,0.9844471993688718,0.9959361065643169
2019-10-28,603777.SH,16.963,17.021,16.238,16.919,8707850.0,-4.501,16.728,1.45,2.581,8.102,0,交易,2.088249814860528,6.5722588144130185,536263.7024264073,0.982785970272017,0.9539980024675401,0.9887109167208464
2019-10-29,603777.SH,16.745,17.064,16.673,16.687,4165760.0,-1.371,16.846,1.45,1.235,3.876,0,交易,4.305211558307534,13.558704453441296,249850.65675043486,0.9872245663384904,0.9770862634786684,1.0095283753820339
2019-10-30,603777.SH,16.528,16.528,16.078,16.194,4379590.0,-2.954,16.323,1.45,1.298,4.075,0,交易,3.9739877300613493,12.733436055469951,272396.44234357507,0.9875968054211037,0.9727734753146177,1.0079659133012226
2019-10-31,603777.SH,16.151,16.513,16.151,16.238,2649040.0,0.269,16.297,1.45,0.785,2.465,0,交易,6.587423935091278,20.57452229299363,164017.08872515633,0.9869193968388542,0.9780778780354871,1.0036334523956152
2019-11-01,603777.SH,16.252,16.455,16.238,16.455,2310790.0,1.339,16.393,1.45,0.685,2.15,0,交易,7.6534883720930225,23.725547445255472,142307.5501909102,0.9962321482831967,0.9868125189911882,0.9962321482831967
2019-11-04,603777.SH,16.499,16.615,16.122,16.238,3387010.0,-1.322,16.294,1.45,1.004,3.151,0,交易,5.153284671532847,16.433266932270914,210086.2175908696,0.9806801083358412,0.970328016852242,1.003448700578889
2019-11-05,603777.SH,16.238,16.31,16.122,16.252,2133780.0,0.089,16.219,1.45,0.632,1.985,0,交易,8.187405541561711,25.693037974683545,132352.06550055824,0.9944206008583693,0.9884733292458615,0.9979694806793011
2019-11-06,603777.SH,16.267,16.31,15.919,15.948,2665182.0,-1.873,16.042,1.45,0.79,2.48,0,交易,6.430645161290323,20.591139240506326,167421.44607073307,0.9835683629675048,0.976026977314531,1.005894156007023
2019-11-07,603777.SH,15.933,16.093,15.919,15.977,1362692.0,0.182,15.993,1.45,0.404,1.268,0,交易,12.600157728706625,39.43811881188118,85601.60814121489,0.9937861181880321,0.9891878456471758,1.001001439569381
2019-11-08,603777.SH,16.035,16.107,15.832,15.846,2059140.0000000002,-0.817,15.979,1.45,0.61,1.916,0,交易,8.27035490605428,26.28688524590164,130061.89994946944,0.9920531445955175,0.9829266778419322,1.0083932853717026
2019-11-11,603777.SH,15.73,15.933,15.281,15.383,2275760.0,-2.928,15.507,1.45,0.674,2.117,0,交易,7.266414737836561,23.33827893175074,148927.4262155618,0.9732630389757108,0.9590786418125903,1.008060846388871
2019-11-12,603777.SH,15.397,15.571,15.296,15.484,1766459.9999999998,0.66,15.432,1.45,0.524,1.644,0,交易,9.418491484184916,29.38358778625954,115485.0941422594,0.9910731488022606,0.9823389634577098,0.9966416946525446
2019-11-13,603777.SH,15.513,15.528,15.31,15.397,1095600.0,-0.562,15.414,1.45,0.325,1.019,0,交易,15.109911678115802,47.73230769230769,71561.07119529719,0.9926584234930448,0.9859608449252962,1.0011041111904917
2019-11-14,603777.SH,15.397,15.542,15.397,15.513,1308460.0,0.753,15.465,1.45,0.388,1.217,0,交易,12.746918652423993,39.68298969072165,84981.48990063,0.9950456826663235,0.9906704413846352,0.996905820924386
2019-11-15,603777.SH,15.499,15.716,15.194,15.194,1485900.0,-2.056,15.374,1.45,0.44,1.383,0,交易,10.986261749819235,35.225,97795.1823088061,0.9782387375922628,0.9667854415881905,1.0118467816243253
2019-11-18,603777.SH,14.498,15.049,14.498,14.948,2337420.0,-1.622,14.803,1.45,0.693,2.175,0,交易,6.87264367816092,20.92063492063492,161223.61705062768,0.9836533988969368,0.9633862715130573,0.9902997056462404
2019-11-19,603777.SH,14.933,15.47,14.904,15.383,2902580.0,2.91,15.264,1.45,0.86,2.701,0,交易,5.6952980377637905,17.363953488372093,194751.74449812132,0.9866839043309631,0.9634130575307045,0.9922641877397127
2019-11-20,603777.SH,15.354,15.919,15.296,15.586,3074806.0,1.32,15.672,1.45,0.911,2.861,0,交易,5.447745543516253,16.854006586169042,201020.26673640168,0.9844839499968591,0.9608643759030089,1.00551777235981
2019-11-21,603777.SH,15.528,15.73,15.441,15.484,1479680.0,-0.651,15.564,1.45,0.439,1.377,0,交易,11.244734931009441,35.37129840546697,95827.99041512854,0.989446916719644,0.9816274634456453,1.0051666236114698
2019-11-22,603777.SH,15.499,15.658,15.093,15.238,1807180.0,-1.592,15.319,1.45,0.536,1.681,0,交易,9.06484235574063,28.916044776119403,119736.30159676672,0.9783497253799975,0.9639162089666624,1.005315658222864
2019-11-25,603777.SH,15.093,15.252,14.803,15.078,1391720.0,-1.047,15.003,1.45,0.412,1.295,0,交易,11.643243243243244,36.63349514563107,94016.07782206309,0.9836742722265932,0.9705612378704432,0.9950258654994032
2019-11-26,603777.SH,15.02,15.093,14.875,14.948,1343860.0,-0.865,14.967,1.45,0.398,1.25,0,交易,11.958400000000001,37.73869346733668,90343.5294117647,0.9916517590936196,0.9855562181143577,1.0012710730532512
2019-11-27,603777.SH,14.846,14.962,14.803,14.846,1030294.0,-0.679,14.86,1.45,0.305,0.959,0,交易,15.48070907194995,48.675409836065576,69600.35128014591,0.9931827295816067,0.9893730784654459,1.0009430149535228
2019-11-28,603777.SH,14.861,14.948,14.716,14.774,1063100.0,-0.488,14.78,1.45,0.315,0.989,0,交易,14.938321536905965,47.17777777777778,72241.09812449035,0.9887610382659887,0.9844795290339844,1.0004061188574522
2019-11-29,603777.SH,14.73,14.832,14.585,14.774,1089540.0,0.0,14.701,1.45,0.323,1.014,0,交易,14.570019723865876,45.60371517027864,74702.77682550566,0.9911677454153183,0.9833468176914779,0.9950588872343307
2019-12-02,603777.SH,14.774,15.064,14.716,15.006,1676725.9999999998,1.57,14.972,1.45,0.497,1.56,0,交易,9.61923076923077,29.726358148893357,113938.97798314759,0.9938927243759957,0.9768985661178969,0.9977342396374783
2019-12-03,603777.SH,15.006,15.136,14.832,15.093,878840.0,0.58,14.981,1.45,0.26,0.818,0,交易,18.45110024449878,57.715384615384615,59252.9665587918,0.9897595137420719,0.9799154334038056,0.9925793414165507
2019-12-04,603777.SH,15.02,15.151,14.962,15.122,1076446.0,0.192,15.081,1.45,0.319,1.002,0,交易,15.09181636726547,47.0846394984326,71945.32816468387,0.9953798429146591,0.9875255758695796,0.997288718423489
2019-12-05,603777.SH,15.136,15.267,15.078,15.151,1326440.0,0.192,15.158,1.45,0.393,1.234,0,交易,12.277957860615883,38.51399491094147,87971.8795596233,0.9928604178948058,0.9876203576341128,1.000462015708534
2019-12-06,603777.SH,15.18,15.528,15.151,15.426,3106340.0,1.818,15.382,1.45,0.921,2.89,0,交易,5.337716262975778,16.482084690553744,205025.4108639694,0.9905976300875836,0.9757212776919113,0.9971476727602748
2019-12-09,603777.SH,15.368,15.528,15.252,15.441,1888095.0,0.094,15.353,1.45,0.56,1.757,0,交易,8.78827546955037,27.44285714285714,123793.27301337529,0.9887300360638845,0.982225656877898,0.9943008872482352
2019-12-10,603777.SH,15.368,15.716,15.31,15.586,2425400.0,0.939,15.595,1.45,0.719,2.257,0,交易,6.905626938413824,21.374130737134912,158419.33376877857,0.9923008399083737,0.9741664545685926,1.0005774412934685
2019-12-11,603777.SH,15.47,15.73,15.441,15.47,1628120.0,-0.744,15.546,1.45,0.483,1.515,0,交易,10.211221122112212,32.02898550724638,105441.35742503723,0.9883026064844246,0.9816274634456453,1.004912734324499
2019-12-12,603777.SH,15.47,16.151,15.455,16.078,4790131.0,3.936,15.837,1.45,1.423,4.457,0,交易,3.607359210231097,10.871398453970485,309940.53704302816,0.9805584793511237,0.9569066930840195,0.9850105734544098
2019-12-13,603777.SH,16.238,16.31,15.89,15.991,3526440.0,-0.541,16.035,1.45,1.048,3.308,0,交易,4.8340386940749696,15.494274809160304,221928.25676526118,0.9831391784181485,0.9742489270386268,1.002751547745607
2019-12-16,603777.SH,16.006,16.049,15.759,16.049,2863860.0,0.363,15.885,1.45,0.851,2.686,0,交易,5.975055845122859,18.808460634547593,181728.53607462402,0.9897812947847218,0.9819303383388374,0.9897812947847218
2019-12-17,603777.SH,15.933,16.165,15.933,16.136,2715580.0,0.542,16.075,1.45,0.807,2.547,0,交易,6.335296427169218,19.74349442379182,170437.45685056172,0.9944324157129601,0.9856480049489639,0.9962196331184928
2019-12-18,603777.SH,16.136,16.528,16.093,16.383,3622726.9999999995,1.527,16.293,1.45,1.076,3.398,0,交易,4.821365509123013,14.99628252788104,225111.97415025163,0.9857817037754114,0.9736810261374638,0.9945065006409083
2019-12-19,603777.SH,16.383,17.05,16.267,17.035,5445932.0,3.982,16.804,1.45,1.618,5.108,0,交易,3.334964761158967,10.125463535228675,334784.0413106289,0.9855718475073313,0.9540762463343108,0.9864396830055766
2019-12-20,603777.SH,16.89,17.34,16.745,16.847,4690112.0,-1.106,17.006,1.45,1.394,4.399,0,交易,3.8297340304614687,12.116212338593975,280090.29561063,0.9807381776239908,0.9656862745098039,1.00943788211551
2019-12-23,603777.SH,16.847,16.919,16.223,16.383,3661200.0,-2.754,16.432,1.45,1.088,3.434,0,交易,4.770821199767035,15.484375,225679.59070455527,0.9712157928955611,0.9588628169513563,1.0029909052066166
2019-12-24,603777.SH,16.368,17.021,16.368,16.948,3003300.0,3.451,16.793,1.45,0.892,2.817,0,交易,6.016329428470003,18.349775784753362,183486.0703812317,0.9866047823277128,0.9616356265789318,0.9908543780977106
2019-12-25,603777.SH,16.934,17.253,16.644,16.789,2446986.0,-0.941,16.897,1.45,0.727,2.295,0,交易,7.315468409586058,23.292984869326,147019.10598413844,0.9793659073784269,0.9647017909928707,1.0064327833700635
2019-12-26,603777.SH,16.934,16.934,16.557,16.774,2252440.0,-0.086,16.697,1.45,0.669,2.113,0,交易,7.938476100331283,25.312406576980568,136041.55342151358,0.9860044880122829,0.9777370969646862,0.9954095624180278
2019-12-27,603777.SH,16.673,17.615,16.673,17.108,4504300.0,1.988,17.186,1.45,1.338,4.225,0,交易,4.049230769230769,12.461136023916291,270155.3409704313,0.9756457564575647,0.946522849843883,1.0045592705167172
2019-12-30,603777.SH,17.079,17.079,16.455,16.963,2497815.0,-0.847,16.805,1.45,0.742,2.343,0,交易,7.239863422962015,23.017520215633425,151796.7183226983,0.9839569061420458,0.9634639030388195,0.9906856098567469
2019-12-31,603777.SH,16.861,17.18,16.716,17.064,1837655.0,0.598,17.061,1.45,0.546,1.724,0,交易,9.897911832946637,30.88095238095238,109933.89566882029,0.9930733410942957,0.9729918509895228,0.9998241912798875
2020-01-02,603777.SH,17.108,18.775,17.108,18.311,9267030.0,7.307,18.065,1.45,2.753,8.693,0,交易,2.1064074542735534,6.214311660007264,541678.1622632686,0.9621837549933423,0.9112117177097204,0.9865654524602698
2020-01-03,603777.SH,17.688,18.514,17.688,18.137,7120435.000000001,-0.95,18.149,1.45,2.116,6.679,0,交易,2.715526276388681,8.359168241965973,402557.3835368612,0.9802851895862591,0.9553851139678081,1.0006616309202183
2020-01-06,603777.SH,18.137,19.283,17.905,18.804,9190810.0,3.677,18.565,1.45,2.731,8.621,0,交易,2.181185477322816,6.641157085316734,513309.69003071764,0.9627651299071721,0.9285380905460768,0.9872899383109978
2020-01-07,603777.SH,19.181,19.283,18.094,18.297,12336042.0,-2.699,18.48,1.45,3.665,11.571,0,交易,1.58128078817734,5.23356070941337,681775.2846247375,0.9583571021106674,0.9383394699994814,1.0100016396130513
2020-01-08,603777.SH,18.05,18.152,17.601,17.673,5803900.0,-3.407,17.803,1.45,1.724,5.444,0,交易,3.246326230712711,10.46983758700696,329748.3097551276,0.9807734684883208,0.9696452181577786,1.0073558535619307
2020-01-09,603777.SH,17.731,17.978,17.644,17.818,3960572.0,0.82,17.788,1.45,1.177,3.715,0,交易,4.796231493943473,15.064570943075617,224471.32169576062,0.9894315274224051,0.9814217376793858,0.9983163093500953
2020-01-10,603777.SH,17.833,18.326,17.557,18.297,6198065.0,2.685,18.066,1.45,1.842,5.814,0,交易,3.1470588235294117,9.681324647122691,353025.2890584952,0.9858125068209102,0.9580377605587689,0.9873749795048368
2020-01-13,603777.SH,18.21,18.398,17.876,18.297,4053131.0,0.0,18.206,1.45,1.204,3.802,0,交易,4.81246712256707,15.124584717607975,226735.90288655178,0.9895640830525056,0.971627350799,0.9950265070776629
2020-01-14,603777.SH,18.355,18.543,17.934,18.05,3668380.0000000005,-1.347,18.141,1.45,1.09,3.441,0,交易,5.245568148793955,16.839449541284402,204548.90152782426,0.9783206600873644,0.9671574178935448,1.0050415512465372
2020-01-15,603777.SH,18.05,18.079,17.688,17.717,2325760.0,-1.847,17.807,1.45,0.691,2.182,0,交易,8.11961503208066,26.121562952243128,131488.0144730891,0.9849549200730128,0.9783726976049559,1.0050798667946041
2020-01-16,603777.SH,17.717,17.905,17.644,17.702,1623885.0,-0.082,17.736,1.45,0.482,1.523,0,交易,11.623112278397901,36.75726141078838,92036.10292450692,0.9905612957274504,0.9854230661826304,1.0019206869280306
2020-01-17,603777.SH,17.775,17.847,17.427,17.514,1940855.0,-1.065,17.619,1.45,0.577,1.821,0,交易,9.617792421746293,30.80589254766031,111370.5743960521,0.9872247436543956,0.976466633047571,1.0059952038369304
2020-01-20,603777.SH,17.47,17.804,17.398,17.601,1931459.9999999998,0.497,17.587,1.45,0.574,1.812,0,交易,9.713576158940397,30.43554006968641,111016.20875962754,0.9878117277016402,0.9771961356998428,0.9992045906482586
2020-01-21,603777.SH,17.543,17.557,17.006,17.122,2418484.0,-2.718,17.236,1.45,0.719,2.269,0,交易,7.546055531070956,24.399165507649514,142213.57168058332,0.9817166941960472,0.9686165062368287,1.006658100689172
2020-01-22,603777.SH,17.035,17.035,16.499,16.731,2600562.0,-2.286,16.707,1.45,0.773,2.439,0,交易,6.859778597785978,22.037516170763258,157619.3708709619,0.9807455239213384,0.9685353683592602,0.9985655370270754
2020-01-23,603777.SH,16.644,16.876,15.875,15.962,4089879.0,-4.593,16.296,1.45,1.215,3.836,0,交易,4.161105318039625,13.698765432098764,257630.17322834645,0.9656316662716282,0.9406849964446551,1.0209246961533642
2020-02-03,603777.SH,14.368,14.368,14.368,14.368,444800.0,-9.991,14.368,1.45,0.132,0.417,0,交易,34.455635491606714,108.84848484848484,30957.683741648107,1.0,1.0,1.0
2020-02-04,603777.SH,12.932,13.773,12.932,13.599,4937219.0,-5.348,13.482,1.45,1.467,4.631,0,交易,2.93651479162168,8.815269256987047,381783.09619548405,0.978871705510782,0.93893850286793,0.9913964262078093
2020-02-05,603777.SH,13.628,14.962,13.628,14.44,5498467.0,6.183,14.355,1.45,1.634,5.158,0,交易,2.7995347033734004,8.340269277845778,403468.3739360141,0.9594305574121107,0.9108407966849352,0.9941135734072023
2020-02-06,603777.SH,14.426,14.861,14.31,14.614,3824080.0000000005,1.205,14.613,1.45,1.136,3.587,0,交易,4.074156676888765,12.698943661971832,267231.30677847663,0.9833120247628019,0.9629230872754189,0.9999315724647597
2020-02-07,603777.SH,14.687,14.716,14.266,14.527,3643069.9999999995,-0.595,14.449,1.45,1.082,3.417,0,交易,4.251390108282119,13.573937153419593,255367.3068834992,0.981856482739875,0.969421038325632,0.9946306876850004
2020-02-10,603777.SH,14.44,14.875,14.194,14.817,3767686.0,1.996,14.656,1.45,1.119,3.534,0,交易,4.1926994906621395,12.90437890974084,265442.15865858813,0.9852773109243698,0.9542184873949581,0.9891341027198488
2020-02-11,603777.SH,14.962,15.078,14.542,14.6,2582330.0,-1.468,14.67,1.45,0.767,2.422,0,交易,6.028075970272502,19.507170795306386,177577.36212350434,0.972940708316753,0.9644515187690675,1.0047945205479452
2020-02-12,603777.SH,14.614,14.933,14.31,14.919,2912000.0,2.185,14.759,1.45,0.865,2.731,0,交易,5.46283412669352,16.894797687861274,203494.0600978337,0.9883479541954062,0.9582803187571152,0.9892754206045982
2020-02-13,603777.SH,14.875,14.875,14.498,14.585,3018840.0,-2.235,14.65,1.45,0.897,2.832,0,交易,5.150070621468927,16.58305462653289,208224.58270106223,0.984873949579832,0.9746554621848739,1.0044566335275968
2020-02-14,603777.SH,14.542,14.701,14.484,14.556,1902280.0,-0.199,14.576,1.45,0.565,1.784,0,交易,8.159192825112108,25.738053097345134,131336.64733499032,0.9914971770627848,0.9852390993809944,1.0013740038472108
2020-02-17,603777.SH,14.629,15.049,14.484,14.977,4330070.0,2.888,14.877,1.45,1.287,4.062,0,交易,3.6870999507631708,11.366744366744367,298955.39906103286,0.9885706691474517,0.9624559771413383,0.9933230954129666
2020-02-18,603777.SH,14.933,15.904,14.875,15.745,6642139.999999999,5.131,15.557,1.45,1.974,6.23,0,交易,2.527287319422151,7.5648429584599794,446530.42016806715,0.9781815895372233,0.9352992957746479,0.9880597014925374
2020-02-19,603777.SH,15.745,16.107,15.455,15.788,4815575.0,0.276,15.793,1.45,1.431,4.517,0,交易,3.495240203675005,11.002795248078266,311586.8650922032,0.9805053703358788,0.9595207052834172,1.000316696224981
2020-02-20,603777.SH,15.788,16.818,15.658,16.615,6840803.0,5.234,16.333,1.45,2.033,6.417,0,交易,2.589216144615864,7.76586325627152,436888.6831012901,0.9711618503983825,0.9310262813652038,0.9830273848931688
2020-02-21,603777.SH,16.484,16.571,16.267,16.47,4786896.0,-0.873,16.378,1.45,1.422,4.49,0,交易,3.6681514476614696,11.592123769338961,294270.36331222724,0.9883531470641481,0.9816546979663265,0.9944140862173649
2020-02-24,603777.SH,16.528,16.847,16.281,16.542,3860380.0000000005,0.44,16.49,1.45,1.147,3.621,0,交易,4.568351284175643,14.40976460331299,237109.51415760707,0.9788092835519675,0.9664035139787498,0.9968564865191631
2020-02-25,603777.SH,16.194,16.339,15.412,16.238,5192540.0,-1.84,16.035,1.45,1.543,4.871,0,交易,3.3336070622048855,10.495139338950096,336915.3906047236,0.9813942101719813,0.9432645816757452,0.9874984604015273
2020-02-26,603777.SH,15.948,16.441,15.803,16.006,3909573.0000000005,-1.429,16.161,1.45,1.162,3.667,0,交易,4.364875920370876,13.72461273666093,247394.35550211987,0.982969405753908,0.9611945745392617,1.0096838685492942
2020-02-27,603777.SH,16.165,16.774,15.803,16.397,6672859.0,2.446,16.278,1.45,1.983,6.259,0,交易,2.619747563508547,8.151790216843166,422252.67354299815,0.9704304280434004,0.942112793609157,0.9927425748612552
2020-02-28,603777.SH,15.759,16.194,15.223,15.238,4913720.0,-7.073,15.667,1.45,1.46,4.609,0,交易,3.306140160555435,10.793835616438356,322782.63154437364,0.9674570828701989,0.9400395208101767,1.028153300958131
2020-03-02,603777.SH,15.296,15.89,15.296,15.745,3621373.0000000005,3.33,15.579,1.45,1.076,3.397,0,交易,4.634972034147777,14.215613382899626,236752.94194560673,0.9804279421019509,0.9626179987413467,0.9894569704668149
2020-03-03,603777.SH,15.803,16.165,15.701,15.817,4338620.0,0.46,15.935,1.45,1.289,4.07,0,交易,3.886240786240786,12.259891388673392,276327.6224444303,0.9857717290442315,0.9712960098979277,1.0074603274957326
2020-03-04,603777.SH,15.716,16.789,15.673,16.789,9572763.0,6.141,16.391,1.45,2.844,8.979,0,交易,1.8698073282102687,5.5260196905766525,610780.5142601926,0.9762940020251353,0.933527905176008,0.9762940020251353
2020-03-05,603777.SH,16.716,18.239,16.513,17.398,12094003.0,3.627,17.264,1.45,3.593,11.344,0,交易,1.5336741889985896,4.6523796270526026,732392.84200327,0.946543121881682,0.9053676188387522,0.9922979652833659
2020-03-06,603777.SH,16.977,17.209,16.673,16.832,6437920.0,-3.25,16.982,1.45,1.913,6.039,0,交易,2.787216426560689,8.874542603240982,386128.4711809513,0.9868092277296763,0.9688535068859317,1.0089115969581748
2020-03-09,603777.SH,16.441,17.093,16.252,16.267,5115820.0,-3.359,16.624,1.45,1.52,4.799,0,交易,3.3896645134403,10.816447368421052,314780.95003691857,0.9725618674311121,0.9507985725150646,1.0219462715927952
2020-03-10,603777.SH,16.035,16.6,15.673,16.571,4612511.0,1.872,16.156,1.45,1.37,4.327,0,交易,3.829674139126416,11.704379562043794,294296.6247687105,0.9732530120481926,0.944156626506024,0.9749562488685051
2020-03-11,603777.SH,16.47,17.47,16.441,16.832,6861478.0,1.575,16.939,1.45,2.039,6.436,0,交易,2.615288999378496,8.077488965179008,417339.4562374552,0.96960503720664,0.9410990269032627,1.006356939163498
2020-03-12,603777.SH,16.484,17.76,16.484,17.702,11184618.0,5.168,17.341,1.45,3.323,10.491,0,交易,1.687351062815747,4.9605777911525735,678513.5889347245,0.9764076576576576,0.9281531531531532,0.9796068240876736
2020-03-13,603777.SH,17.166,17.572,16.789,17.412,7746102.0,-1.638,17.259,1.45,2.302,7.266,0,交易,2.3963666391412053,7.456993918331885,461379.5937816427,0.982187571135898,0.9554404734805374,0.9912129565816679
2020-03-16,603777.SH,17.615,18.804,17.543,17.688,12496104.0,1.582,18.138,1.45,3.713,11.722,0,交易,1.5089575157822896,4.744142203070293,712312.8313287351,0.9645820038289727,0.9329398000425442,1.0254409769335144
2020-03-17,603777.SH,17.47,19.21,16.673,18.775,14338339.000000002,6.148,18.013,1.45,4.26,13.45,0,交易,1.3959107806691449,4.10093896713615,859973.5500509809,0.9376887038001042,0.8679333680374803,0.9594141145139815
2020-03-18,603777.SH,18.877,19.239,18.137,18.181,13794682.999999998,-3.166,18.746,1.45,4.099,12.94,0,交易,1.4050231839258116,4.60526957794584,760582.4006175221,0.974374967513904,0.9427205156193149,1.0310763984379296
2020-03-19,603777.SH,18.123,19.239,18.094,18.413,11970123.0,1.276,18.649,1.45,3.557,11.228,0,交易,1.6399180619878875,5.09502389654203,661552.0614568365,0.9693331254223193,0.9404854722178908,1.0128170314451745
2020-03-20,603777.SH,18.268,18.906,17.586,18.775,11894830.0,1.969,18.089,1.45,3.534,11.158,0,交易,1.6826492202903747,5.169213355970572,676380.6436938475,0.9567862054374272,0.9301808949539828,0.9634620505992011
2020-03-23,603777.SH,17.963,18.79,17.224,17.34,9348583.0,-7.645,18.006,1.45,2.778,8.769,0,交易,1.9774204584331165,6.466162706983441,542764.9210404088,0.9582756785524216,0.9166577967003726,1.03840830449827
2020-03-24,603777.SH,17.659,18.108,17.108,17.891,9442180.0,3.177,17.65,1.45,2.805,8.857,0,交易,2.0199841932934404,6.29554367201426,551916.0626607435,0.9747073116854428,0.9447757897062072,0.9865295399921749
2020-03-25,603777.SH,17.978,18.978,17.833,18.978,15145851.999999998,6.078,18.401,1.45,4.5,14.207,0,交易,1.3358203702400226,3.9951111111111115,849315.9872147143,0.96959637474971,0.9396669828222151,0.96959637474971
2020-03-26,603777.SH,18.558,19.384,18.413,18.688,16312263.0,-1.528,18.811,1.45,4.847,15.301,0,交易,1.2213580811711653,3.828760057767691,885910.117851518,0.9704395377631035,0.9499071399092035,1.0065817636986303
2020-03-27,603777.SH,18.79,18.848,17.92,17.963,9902720.0,-3.879,18.341,1.45,2.942,9.289,0,交易,1.9337926579825602,6.386811692726036,552607.1428571428,0.9731005942275044,0.9507640067911716,1.0210432555809164
2020-03-30,603777.SH,17.586,18.398,17.267,17.398,8716058.0,-3.148,17.895,1.45,2.59,8.176,0,交易,2.12793542074364,6.78996138996139,504781.25904905313,0.972660071746929,0.9385259267311664,1.0285665018967698
2020-03-31,603777.SH,17.528,18.63,17.296,18.282,9650152.0,5.083,18.032,1.45,2.867,9.052,0,交易,2.0196641626159964,6.1137077084059985,557941.2580943571,0.9679012345679013,0.928395061728395,0.9863253473361777
2020-04-01,603777.SH,18.268,18.282,17.267,17.398,9579264.0,-4.837,17.65,1.45,2.846,8.985,0,交易,1.9363383416805788,6.418833450456781,554772.9194417096,0.965430478065857,0.9444809101848812,1.0144844234969537
2020-04-02,603777.SH,17.688,17.688,16.658,17.093,8481965.0,-1.75,16.972,1.45,2.52,7.956,0,交易,2.1484414278531925,7.019047619047618,509182.67499099526,0.9595205789235641,0.9417684305744008,0.9929210788041889
2020-04-03,603777.SH,16.905,17.47,16.861,16.905,5007440.0,-1.103,17.137,1.45,1.488,4.697,0,交易,3.5991058122205666,11.360887096774194,296983.571555661,0.980938752146537,0.9651402404121352,1.013723750369713
2020-04-07,603777.SH,17.224,17.833,16.977,17.543,7631459.0,3.774,17.51,1.45,2.267,7.158,0,交易,2.4508242525845207,7.597706219673578,449517.5237085468,0.9818875119161108,0.9519991027869681,0.9981189078264836
2020-04-08,603777.SH,17.731,18.021,17.325,17.76,7073905.0,1.24,17.7,1.45,2.102,6.635,0,交易,2.6767143933685005,8.435299714557566,408306.20490620495,0.9821874479773597,0.9613783918761444,0.9966216216216215
2020-04-09,603777.SH,17.789,18.601,17.383,18.355,11052220.0,3.347,18.061,1.45,3.284,10.367,0,交易,1.7705218481720844,5.4168696711327655,635806.2474831733,0.97096930272566,0.9345196494812107,0.9839825660582947
2020-04-10,603777.SH,18.34,18.63,17.702,18.268,9670714.0,-0.474,18.223,1.45,2.873,9.071,0,交易,2.0138904200198438,6.38357117995127,546306.2930742288,0.9781535158346752,0.9501878690284489,0.9975366761550251
2020-04-13,603777.SH,18.094,19.167,17.804,18.514,10034839.0,1.349,18.637,1.45,2.982,9.413,0,交易,1.9668543503665143,6.067739771965124,563628.3419456303,0.9723483069859654,0.9288881932488129,1.0066436210435348
2020-04-14,603777.SH,18.514,19.413,18.282,19.181,11473888.0,3.602,18.87,1.45,3.409,10.763,0,交易,1.7821239431385303,5.430918157817542,627605.7324143967,0.9720290526966466,0.9417400710863854,0.9837860382670351
2020-04-15,603777.SH,19.167,19.442,18.514,18.732,10838540.0,-2.343,18.945,1.45,3.22,10.167,0,交易,1.8424313956919445,5.952484472049689,585424.0034568434,0.974436786338854,0.9522682851558482,1.0113709160794364
2020-04-16,603777.SH,18.79,19.109,18.268,18.761,8322639.999999999,0.155,18.694,1.45,2.473,7.807,0,交易,2.4030997822467013,7.598059037606147,455585.72366980504,0.9782824846930764,0.9559893244021141,0.9964287617930814
2020-04-17,603777.SH,18.674,18.978,18.123,18.152,7323445.0,-3.246,18.442,1.45,2.176,6.869,0,交易,2.6425971757169897,8.581801470588234,404096.72791480436,0.9717567709979976,0.9549478343344926,1.01597620096959
2020-04-20,603777.SH,18.152,18.543,18.094,18.355,4240603.0,1.118,18.31,1.45,1.26,3.978,0,交易,4.614127702362996,14.406349206349207,234365.14866806674,0.9874346114436714,0.9757860108935987,0.9975483519476981
2020-04-21,603777.SH,18.384,20.196,18.195,20.196,13307279.999999998,10.032,19.463,1.45,3.954,12.482,0,交易,1.6180099343054,4.649468892261002,731370.1566364384,0.9637056842939196,0.9009209744503862,0.9637056842939196
2020-04-22,603777.SH,20.631,22.211,20.21,22.211,27144144.0,9.978,21.087,1.45,8.065,25.462,0,交易,0.8723195349933234,2.558090514569126,1343104.6016823354,0.9493944441943182,0.9099095042996714,0.9493944441943182
2020-04-23,603777.SH,22.516,24.183,21.472,22.008,36078981.0,-0.914,22.608,1.45,10.72,33.843,0,交易,0.6502969594894069,2.100373134328358,1680280.4116989567,0.9348716040193524,0.8878964561882314,1.0272628135223556
2020-04-24,603777.SH,21.544,21.602,19.906,20.631,20662731.0,-6.258,20.675,1.45,6.139,19.382,0,交易,1.0644412341347642,3.509366346310474,1038015.221541244,0.9570873067308583,0.9214887510415701,1.0021327129077602
2020-04-27,603777.SH,20.268,21.051,19.935,20.065,11759363.0,-2.741,20.464,1.45,3.494,11.03,0,交易,1.819129646418858,5.800801373783629,589885.2771507399,0.9721153389387678,0.9469858914065841,1.0198853725392474
2020-04-28,603777.SH,20.007,20.558,18.094,20.21,12463147.0,0.723,19.615,1.45,3.703,11.691,0,交易,1.7286801813360704,5.402916554145288,688799.9889466121,0.954129779161397,0.8801439828777119,0.970559129143988
2020-04-29,603777.SH,20.123,20.486,19.21,19.428,9393440.0,-3.874,19.771,1.45,2.791,8.811,0,交易,2.2049710589036433,7.20996058760301,488986.9859448204,0.9650981157863907,0.9377135604803281,1.0176549310273832
2020-04-30,603777.SH,19.573,19.833,19.167,19.688,7397539.999999999,1.343,19.583,1.45,2.198,6.939,0,交易,2.837296440409281,8.9049135577798,385951.89648875664,0.9873947461301871,0.9664196036908185,0.9946668021129622
2020-05-06,603777.SH,19.558,21.66,19.5,21.66,18728583.0,10.015,20.915,1.45,5.565,17.568,0,交易,1.2329234972677594,3.514465408805031,960440.1538461539,0.9656048014773776,0.9002770083102493,0.9656048014773776
2020-05-07,603777.SH,21.892,23.82,21.646,23.82,20958147.0,9.973,23.008,1.45,6.227,19.659,0,交易,1.2116587822371434,3.5156576200417535,968222.6277372262,0.9659109991603694,0.9087321578505457,0.9659109991603694
2020-05-08,603777.SH,24.458,25.372,23.067,24.226,26974694.0,1.704,24.181,1.45,8.015,25.303,0,交易,0.9574358771687151,3.0515283842794756,1169406.2513547493,0.953058489673656,0.9091518209049346,0.998142491538017
2020-05-11,603777.SH,24.386,25.807,24.154,24.154,22892060.0,-0.299,24.904,1.45,6.802,21.473,0,交易,1.1248544684021795,3.585122022934431,947754.4092075847,0.9650094935482622,0.9359476111132639,1.0310507576384864
2020-05-12,603777.SH,24.197,25.792,24.168,24.545,19839427.0,1.621,24.945,1.45,5.895,18.61,0,交易,1.3189145620634068,4.104664970313825,820896.5160542867,0.9671603598014887,0.9370347394540942,1.0162965980851497
2020-05-13,603777.SH,24.197,25.372,24.197,24.85,18151282.0,1.24,24.886,1.45,5.393,17.026,0,交易,1.4595324797368732,4.486742073057667,750145.9685084928,0.9808450260129276,0.9536891061012139,1.0014486921529173
2020-05-14,603777.SH,24.85,27.329,24.792,27.329,23720493.0,9.977,26.411,1.45,7.048,22.25,0,交易,1.2282696629213483,3.525822928490352,956780.1306873184,0.9664093087928575,0.907168209594204,0.9664093087928575
2020-05-15,603777.SH,26.923,27.257,26.111,26.3,18425167.0,-3.767,26.641,1.45,5.475,17.283,0,交易,1.5217265521032228,4.91744292237443,705647.6963731761,0.9774003008401511,0.9579557544850864,1.0129657794676805
2020-05-18,603777.SH,26.575,27.329,25.952,26.474,16607906.0,0.662,26.686,1.45,4.935,15.578,0,交易,1.6994479394017203,5.38500506585613,639947.0561035757,0.9764718796882432,0.9496139631892861,1.008007856765128
2020-05-19,603777.SH,26.242,28.199,25.531,27.72,16647090.0,4.71,26.804,1.45,4.946,15.615,0,交易,1.77521613832853,5.305701577031946,652034.3895656262,0.9505301606439943,0.9053867158409872,0.9669552669552669
2020-05-20,603777.SH,27.155,27.257,24.951,25.488,22000601.0,-8.054,25.969,1.45,6.537,20.637,0,交易,1.2350632359354556,4.154046198562032,881752.2744579376,0.9527460835748615,0.9153978794438126,1.0188716258631514
2020-05-21,603777.SH,25.125,26.024,23.849,24.777,13338367.000000002,-2.787,25.027,1.45,3.963,12.512,0,交易,1.9802589514066495,6.339894019682059,559284.1209275023,0.9616892099600369,0.9164233015677835,1.010090002825201
2020-05-22,603777.SH,24.763,25.009,23.922,24.342,9823909.0,-1.755,24.473,1.45,2.919,9.215,0,交易,2.641562669560499,8.483384720794794,410664.2003176992,0.9785677156223759,0.9565356471670199,1.0053816448935995
2020-05-25,603777.SH,24.56,26.024,23.893,25.807,14938754.999999998,6.015,25.271,1.45,4.439,14.013,0,交易,1.8416470420323985,5.532777652624465,625235.6338676598,0.971065170611743,0.9181140485705502,0.9792304413531213
2020-05-26,603777.SH,25.734,27.807,25.517,27.373,18208088.0,6.067,26.918,1.45,5.41,17.079,0,交易,1.602728496984601,4.756746765249538,713566.9553630913,0.9680296328262668,0.9176466357392024,0.9833777810250977
2020-05-27,603777.SH,27.257,28.141,26.822,27.039,14465579.999999998,-1.218,27.412,1.45,4.298,13.569,0,交易,1.9927039575502985,6.341786877617497,539317.7242562076,0.9740947372161615,0.9531288866778012,1.013794888864233
2020-05-28,603777.SH,26.952,27.155,25.894,26.445,12224361.0,-2.198,26.468,1.45,3.632,11.467,0,交易,2.30618295979768,7.420704845814978,472092.41523132776,0.9747007917510587,0.9535628797643159,1.0008697296275288
2020-05-29,603777.SH,26.387,27.445,26.213,26.938,11411380.0,1.864,26.891,1.45,3.391,10.704,0,交易,2.5166292974588935,7.781480389265703,435332.85011253954,0.9798141738021496,0.9551102204408818,0.9982552528027322
2020-06-01,603777.SH,26.952,28.373,26.242,27.662,17464466.0,2.691,27.224,1.45,5.189,16.382,0,交易,1.6885606153094859,5.194064366930045,665515.8143434189,0.9595037535685335,0.9248933845557397,0.984166003904273
2020-06-02,603777.SH,27.402,27.402,25.807,26.169,19345126.0,-5.398,26.426,1.45,5.748,18.146,0,交易,1.4421360079356331,4.767223382045929,749607.7033363042,0.9643821618859937,0.9417925698854097,1.0098207803125836
2020-06-03,603777.SH,25.879,26.662,25.372,26.082,11148646.0,-0.332,26.07,1.45,3.313,10.458,0,交易,2.4939759036144578,7.8113492303048595,439407.4570392559,0.977796114320006,0.9516165328932563,0.9995399125833908
2020-06-04,603777.SH,25.952,26.72,25.589,26.111,7219781.0,0.111,26.205,1.45,2.145,6.772,0,交易,3.855729474305966,12.0988344988345,282143.92903200595,0.9807260479041916,0.9576721556886227,1.003600015319214
2020-06-05,603777.SH,26.256,26.329,24.212,24.647,17503526.0,-5.608,24.866,1.45,5.201,16.419,0,交易,1.5011267434070283,5.048259950009614,722927.7217908475,0.944433894185119,0.919594363629458,1.0088854627338013
2020-06-08,603777.SH,24.661,25.053,24.168,24.502,8263300.0,-0.588,24.618,1.45,2.455,7.751,0,交易,3.1611404980002575,10.045213849287169,341910.7911287653,0.9826368099628786,0.9646748892348221,1.0047343074034774
2020-06-09,603777.SH,24.719,24.806,24.342,24.574,5810519.0,0.296,24.553,1.45,1.726,5.45,0,交易,4.508990825688073,14.321552723059098,238703.4343932298,0.9898008546319439,0.98129484802064,0.9991454382680882
2020-06-10,603777.SH,24.763,24.792,24.139,24.458,5815750.0,-0.472,24.429,1.45,1.728,5.455,0,交易,4.483593033913841,14.330439814814817,240927.54463730892,0.9853581800580832,0.9736608583414004,0.9988142938915692
2020-06-11,603777.SH,24.574,24.574,23.632,23.661,11131980.0,-3.26,23.988,1.45,3.308,10.442,0,交易,2.265945221221988,7.428657799274487,471055.3486797562,0.9761536583380808,0.961666802311386,1.0138202104729301
2020-06-12,603777.SH,23.081,24.763,23.081,24.342,10546960.0,2.88,24.245,1.45,3.134,9.893,0,交易,2.4605276458101684,7.364709636247607,456954.2047571596,0.9790816944635141,0.9320760812502523,0.9960151179032126
2020-06-15,603777.SH,24.357,24.545,23.922,23.98,7672939.999999999,-1.489,24.216,1.45,2.28,7.197,0,交易,3.3319438654995137,10.682894736842107,320748.26519521774,0.9865960480749644,0.9746180484823792,1.0098415346121767
2020-06-16,603777.SH,24.197,24.415,23.864,24.284,5782640.0,1.27,24.17,1.45,1.718,5.424,0,交易,4.477138643067846,14.084400465657742,242316.45993965806,0.9899651853368832,0.9774319066147861,0.9953055509800693
2020-06-17,603777.SH,24.212,25.082,23.661,24.705,11024539.0,1.731,24.443,1.45,3.276,10.341,0,交易,2.3890339425587466,7.390720390720391,465937.1539664426,0.9745235627142972,0.9433458256917312,0.9893948593402146
2020-06-18,603777.SH,24.792,24.792,23.849,24.125,6904639.999999999,-2.347,24.146,1.45,2.052,6.477,0,交易,3.7247182337501927,12.08187134502924,289514.86435489956,0.9739432074862858,0.9619635366247176,1.0008704663212435
2020-06-19,603777.SH,24.27,24.458,23.922,24.11,5532760.0,-0.06,24.189,1.45,1.644,5.19,0,交易,4.645472061657032,14.762773722627738,231283.3375135858,0.9890015536838663,0.9780848802027967,1.0032766486934883
2020-06-22,603777.SH,24.168,24.603,23.473,24.415,10564412.0,1.263,24.155,1.45,3.139,9.91,0,交易,2.4636730575176586,7.699267282574069,450066.54454053595,0.9817908385156282,0.9540706417916514,0.9893508089289372
2020-06-23,603777.SH,24.357,25.256,24.052,24.792,13054146.0,1.544,24.83,1.45,3.879,12.245,0,交易,2.0246631278072686,6.279195668986852,542746.7986030268,0.983132720937599,0.9523281596452328,1.0015327525008066
2020-06-24,603777.SH,25.009,25.227,23.965,24.168,10514960.0,-2.515,24.359,1.45,3.124,9.863,0,交易,2.4503700699584305,8.005441741357235,438763.1963279783,0.9655924208189639,0.9499742339556824,1.0079030122476003
2020-06-29,603777.SH,24.864,24.864,23.603,23.777,8333800.0,-1.62,23.948,1.45,2.476,7.817,0,交易,3.0417039785083793,10.042003231017771,353082.23530907085,0.9631595881595881,0.9492841055341056,1.007191824031627
2020-06-30,603777.SH,23.994,24.502,23.646,24.386,8143764.0,2.561,24.118,1.45,2.42,7.577,0,交易,3.2184241784347365,9.914876033057851,344403.4509007866,0.9843278099746959,0.9650640764019265,0.9890100877552694
2020-07-01,603777.SH,24.545,26.256,24.473,25.952,22570900.0,6.421,25.473,1.45,6.706,21.001,0,交易,1.2357506785391172,3.6601550849985087,922277.6120622727,0.9701782449725777,0.9320917123705057,0.9815428483353883
2020-07-02,603777.SH,25.952,26.372,25.56,25.865,13283218.0,-0.335,25.871,1.45,3.947,12.359,0,交易,2.092806861396553,6.5751203445654935,519687.71517996874,0.9810025784923403,0.9692097679356894,1.0002319737096463
2020-07-03,603777.SH,25.952,26.082,25.082,25.589,12644140.0,-1.065,25.387,1.45,3.757,11.765,0,交易,2.1750106247343814,6.907639073729039,504112.11227174866,0.9733532704547198,0.9616593819492371,0.9921059830395874
2020-07-06,603777.SH,25.372,26.024,24.763,25.807,15680928.0,0.85,25.504,1.45,4.659,14.59,0,交易,1.7688142563399587,5.445803820562353,633240.2374510358,0.9800184445127574,0.9515447279434368,0.9882589994962608
2020-07-07,603777.SH,25.952,27.054,25.444,26.285,16868430.0,1.854,26.259,1.45,5.012,15.695,0,交易,1.6747371774450461,5.177972865123704,662962.977519258,0.9706143269017521,0.940489391587196,0.9990108426859425
2020-07-08,603777.SH,26.285,26.836,25.807,26.387,12692381.0,0.386,26.266,1.45,3.771,11.81,0,交易,2.2342929720575784,6.970299655263856,491819.3125896075,0.9787598747950514,0.9616559844984349,0.9954144086103004
2020-07-09,603777.SH,26.546,28.184,26.126,27.822,16914187.0,5.44,27.327,1.45,5.026,15.738,0,交易,1.7678231033168128,5.281734978113808,647408.214039654,0.9695926766959978,0.9269798467215441,0.9822083243476386
2020-07-10,603777.SH,27.662,28.329,27.271,27.3,12885027.0,-1.876,27.696,1.45,3.828,11.989,0,交易,2.2770873300525483,7.226227795193313,472480.9137912068,0.9776554061209362,0.9626531116523703,1.0145054945054945
2020-07-13,603777.SH,27.474,30.026,27.474,30.026,14977381.0,9.984,29.355,1.45,4.45,13.936,0,交易,2.154563719862227,6.173932584269663,545147.4484967606,0.9776527009924733,0.9150069939385865,0.9776527009924733
2020-07-14,603777.SH,30.954,31.244,29.025,30.446,18640545.0,1.4,30.105,1.45,5.539,17.344,0,交易,1.7554197416974169,5.588373352590721,642223.7726098192,0.9635450006401229,0.9289783638458584,0.9887998423438218
2020-07-15,603777.SH,30.621,31.684,29.572,30.009,14451079.999999998,-1.435,30.573,1.457,4.294,13.446,0,交易,2.2318161535029004,7.131113181183046,488674.4217503043,0.9649349829566973,0.9333417497790683,1.0187943616914925
2020-07-16,603777.SH,30.519,30.839,27.008,27.023,17576878.0,-9.951,28.839,1.457,5.223,16.354,0,交易,1.6523786229668582,5.8431935669155655,650802.6510663508,0.9351470540549305,0.8757741820422192,1.0672020130999518
2020-07-17,603777.SH,26.615,27.329,25.639,26.411,10039896.0,-2.264,26.503,1.457,2.983,9.342,0,交易,2.8271248126739454,8.922225947033187,391586.8793634697,0.9697756961469501,0.9381609279519924,1.0034833970694028
2020-07-20,603777.SH,26.542,27.241,26.047,27.096,9031649.0,2.592,26.644,1.457,2.684,8.403,0,交易,3.224562656194216,9.88897168405365,346744.3083656467,0.9780845049741198,0.9561690099482398,0.9833185710067907
2020-07-21,603777.SH,27.11,27.489,26.557,27.081,7072166.0,-0.054,26.95,1.457,2.101,6.58,0,交易,4.115653495440729,12.903379343169918,266301.3894641714,0.9803921568627451,0.9660955291207391,0.9951626601676452
2020-07-22,603777.SH,27.066,28.552,26.702,28.363,12129284.0,4.734,27.741,1.457,3.604,11.286,0,交易,2.5131135920609604,7.509988901220865,454246.2736873642,0.9715956850658448,0.9352059400392267,0.9780700208017488
2020-07-23,603777.SH,27.766,28.815,27.533,28.203,9687983.0,-0.565,28.141,1.457,2.879,9.014,0,交易,3.128799644996672,9.64432094477249,351868.0492499909,0.9766094048238764,0.9555092833593615,0.9978016523064922
2020-07-24,603777.SH,27.97,28.101,25.93,26.105,11061780.0,-7.438,26.882,1.457,3.287,10.292,0,交易,2.5364360668480375,8.509278977791299,426601.61974546855,0.956620760827017,0.9227429628838831,1.0297644129477113
2020-07-27,603777.SH,26.061,26.382,24.983,25.144,6804078.999999999,-3.683,25.624,1.457,2.022,6.331,0,交易,3.971568472595166,12.888724035608309,272348.3568826802,0.9712682889849139,0.9469714199075127,1.0190900413617563
2020-07-28,603777.SH,25.362,26.134,25.027,25.843,6116646.0,2.781,25.649,1.457,1.817,5.691,0,交易,4.541029696011246,13.958172812328012,244401.8859631598,0.9814417999540829,0.957641386699319,0.9924931316023682
2020-07-29,603777.SH,25.785,27.066,25.785,26.964,7609599.000000001,4.34,26.482,1.457,2.261,7.08,0,交易,3.8084745762711862,11.404245908889871,295117.27748691104,0.9784231138697997,0.9526712480602971,0.9821243139000149
2020-07-30,603777.SH,26.906,27.329,26.6,26.892,6839313.0,-0.27,26.938,1.457,2.032,6.364,0,交易,4.225644248900063,13.241141732283463,257117.03007518797,0.9856928537451058,0.9733250393355044,1.0017105458872526
2020-07-31,603777.SH,27.096,27.999,26.892,27.824,8995520.0,3.467,27.599,1.457,2.673,8.37,0,交易,3.3242532855436084,10.13692480359147,334505.42912390304,0.9857137754919819,0.9604628736740598,0.9919134560092007
2020-08-03,603777.SH,28.771,30.606,28.115,30.606,11803076.0,10.0,29.243,1.457,3.507,10.982,0,交易,2.7869240575487164,8.203877958368976,419814.19171260897,0.9554662484480166,0.9186107299222374,0.9554662484480166
2020-08-04,603777.SH,30.126,30.3,29.135,29.135,12262987.0,-4.807,29.648,1.457,3.644,11.41,0,交易,2.5534618755477654,8.26728869374314,420902.24815513985,0.9784818481848184,0.9615511551155116,1.0176076883473484
2020-08-05,603777.SH,29.397,31.786,29.135,30.898,14976554.999999998,6.05,30.646,1.457,4.45,13.935,0,交易,2.2172945819878005,6.606067415730337,514039.9862708082,0.9641351538413138,0.9165985024853709,0.9918441323062982
2020-08-06,603777.SH,31.247,31.262,29.718,30.359,10722350.0,-1.744,30.228,1.457,3.186,9.977,0,交易,3.042898666933948,9.807595731324545,360803.2169055791,0.9669247009148487,0.9506109653892905,0.9956849698606673
2020-08-07,603777.SH,30.053,30.49,28.421,29.15,10995120.0,-3.983,29.153,1.457,3.267,10.23,0,交易,2.8494623655913975,9.198959289868382,386866.04975194397,0.9561495572318793,0.9321416857986226,1.0001029159519725
2020-08-10,603777.SH,29.15,29.601,28.378,29.12,6683280.0,-0.1,28.875,1.457,1.986,6.218,0,交易,4.683177870697974,14.677744209466264,235509.19726548734,0.9754738015607581,0.9586838282490456,0.9915865384615384
2020-08-11,603777.SH,29.091,30.359,28.727,29.281,10460602.0,0.55,29.471,1.457,3.108,9.733,0,交易,3.0084249460597965,9.36003861003861,364138.3367563616,0.970750024704371,0.946243288645871,1.0064888494245416
2020-08-12,603777.SH,28.96,28.96,27.096,27.839,9596081.0,-4.925,27.795,1.457,2.851,8.929,0,交易,3.117818344719453,10.157839354612417,354151.20312961325,0.9597720994475138,0.935635359116022,0.9984194834584577
2020-08-13,603777.SH,27.839,28.086,27.212,27.329,4945400.0,-1.832,27.535,1.457,1.469,4.601,0,交易,5.939795696587699,18.950987066031313,181735.9988240482,0.9803816848251798,0.9688812931709749,1.0075377803798162
2020-08-14,603777.SH,27.285,27.839,27.139,27.839,4824023.0,1.866,27.604,1.457,1.433,4.488,0,交易,6.202985739750445,19.04047452896022,177752.4227127013,0.9915586048349438,0.9748554186572794,0.9915586048349438
2020-08-17,603777.SH,27.926,28.392,27.533,28.246,5532247.0,1.465,28.038,1.457,1.644,5.147,0,交易,5.4878570040800465,16.98661800486618,200931.50038136053,0.9875316990701606,0.9697449985911525,0.9926361254690931
2020-08-18,603777.SH,28.188,28.96,27.809,28.727,6961877.0,1.702,28.494,1.457,2.069,6.478,0,交易,4.434547699907379,13.623972933784437,250346.18289043114,0.9839088397790055,0.9602555248618785,0.9918891635047168
2020-08-19,603777.SH,28.727,30.446,28.392,29.368,13208707.999999998,2.231,29.617,1.457,3.925,12.29,0,交易,2.3895850284784377,7.318980891719746,465226.4018033248,0.9727714642317545,0.9325362937660119,1.0084786161808772
2020-08-20,603777.SH,29.295,30.359,29.004,29.499,9406077.0,0.446,29.542,1.457,2.795,8.823,0,交易,3.343420605236314,10.481216457960645,324302.7513446421,0.9730887051615665,0.9553674363450706,1.001457676531408
2020-08-21,603777.SH,29.965,31.917,29.572,31.597,20732893.0,7.111,30.996,1.457,6.16,19.448,0,交易,1.6246914849856027,4.8644480519480515,701098.7758690653,0.9711439045023028,0.92652818247329,0.9809792068867297
2020-08-24,603777.SH,32.194,32.69,30.767,31.612,15513278.0,0.046,31.762,1.457,4.609,14.552,0,交易,2.172347443650357,6.985029290518551,504218.09081158385,0.9716121137962681,0.9411746711532579,1.0047450335315704
2020-08-25,603777.SH,31.874,32.252,29.863,30.14,13826525.0,-4.654,30.982,1.457,4.108,12.969,0,交易,2.324003392705683,7.759006815968841,462998.5266048287,0.9606225970482449,0.9259270742899665,1.0279362972793629
2020-08-26,603777.SH,30.126,30.228,27.853,27.97,15197901.999999998,-7.202,28.947,1.457,4.516,14.256,0,交易,1.9619809203142535,6.6709477413640395,545646.8603023012,0.9576220722508931,0.9214304618234749,1.0349302824454774
2020-08-27,603777.SH,27.78,29.849,27.387,29.572,11978657.0,5.729,28.748,1.457,3.559,11.236,0,交易,2.63189747241011,7.805563360494521,437384.78110052214,0.963114342189018,0.9175181748132266,0.9721358041390505
2020-08-28,603777.SH,26.615,27.387,26.615,26.615,7083980.0,-10.0,26.672,1.457,2.105,6.645,0,交易,4.005267118133935,12.643705463182897,266164.944580124,0.9738927228246979,0.9718114433855478,1.0021416494458013
2020-08-31,603777.SH,25.027,25.726,24.503,25.318,21076921.0,-4.871,24.949,1.457,6.262,19.77,0,交易,1.2806272129489127,3.9966464388374328,860177.1619801656,0.9697970924356683,0.95246054575138,0.9854253890512679
2020-09-01,603777.SH,24.881,25.085,24.532,24.765,8496846.0,-2.186,24.765,1.457,2.525,7.97,0,交易,3.1072772898368886,9.853861386138615,346357.65530735365,0.9872433725333865,0.9779549531592585,1.0
2020-09-02,603777.SH,24.794,25.202,24.605,24.808,6433345.0,0.176,24.844,1.457,1.912,6.035,0,交易,4.110687655343828,12.967573221757323,261464.94614915666,0.985794778192207,0.9763114038568367,1.0014511447920027
2020-09-03,603777.SH,24.91,24.91,23.716,23.891,9908900.0,-3.699,24.084,1.457,2.944,9.295,0,交易,2.5703066164604627,8.461277173913043,417814.9772305616,0.9668406262545163,0.9520674427940586,1.0080783558662259
2020-09-04,603777.SH,23.454,23.483,23.031,23.352,5710060.0,-2.256,23.225,1.457,1.697,5.356,0,交易,4.359970126960419,13.82086034177961,247929.31266553776,0.9890133287910403,0.9807520333858535,0.9945614936622131
2020-09-07,603777.SH,23.395,23.876,22.915,23.599,6639430.0,1.061,23.393,1.457,1.973,6.228,0,交易,3.7891779062299293,11.857577293461732,289741.65393846825,0.9797704808175574,0.9597503769475623,0.9912708165600238
2020-09-08,603777.SH,23.439,23.818,23.162,23.687,4265114.0,0.37,23.587,1.457,1.267,4.001,0,交易,5.92026993251687,18.499605367008684,184142.7337881012,0.9903014526828449,0.9724578050214123,0.9957782750031662
2020-09-09,603777.SH,23.454,23.454,22.303,22.842,5748114.0,-3.567,22.827,1.457,1.708,5.392,0,交易,4.236275964391691,13.73185011709602,257728.2876743039,0.9732668201586084,0.9509252153150849,0.9993433149461519
2020-09-10,603777.SH,22.871,23.235,21.851,21.866,3729469.9999999995,-4.273,22.504,1.457,1.108,3.498,0,交易,6.251000571755288,20.641696750902526,170677.31453938034,0.9685388422638262,0.9404346890466968,1.0291777188328912
2020-09-11,603777.SH,21.749,22.434,21.589,22.434,3227285.0,2.598,22.069,1.457,0.959,3.027,0,交易,7.4112983151635285,22.67883211678832,149487.47047107323,0.983730052598734,0.9623339573861103,0.983730052598734
2020-09-14,603777.SH,22.463,22.58,22.026,22.303,2723437.0,-0.584,22.291,1.457,0.809,2.555,0,交易,8.729158512720156,27.7663782447466,123646.4632706801,0.9872010628875112,0.9754650132860939,0.9994619557907007
2020-09-15,603777.SH,22.215,22.434,22.055,22.434,2458410.0,0.588,22.221,1.457,0.73,2.306,0,交易,9.728534258456202,30.43150684931507,111467.240988438,0.9905054827493982,0.9831059998216991,0.9905054827493982
2020-09-16,603777.SH,22.361,22.434,21.778,21.939,2966020.0,-2.208,21.993,1.457,0.881,2.782,0,交易,7.8860531991373115,25.381384790011353,136193.40618973278,0.9803423375234018,0.9707586698760808,1.0024613701627239
2020-09-17,603777.SH,21.778,21.968,21.123,21.968,5135905.0,0.133,21.482,1.457,1.526,4.818,0,交易,4.559568285595684,14.271297509829619,243142.78274866258,0.9778769118718135,0.9615349599417334,0.9778769118718135
2020-09-18,603777.SH,21.778,22.317,21.589,22.259,3137205.0,1.326,22.045,1.457,0.932,2.943,0,交易,7.563370710159701,23.366952789699567,145314.97521886148,0.9878119818972084,0.967379128018999,0.9903859113167708
2020-09-21,603777.SH,22.215,23.235,22.07,23.133,5985276.0,3.927,22.74,1.457,1.778,5.614,0,交易,4.120591378696116,12.49437570303712,271195.1064793838,0.9786959328599095,0.9498601248117066,0.9830112825833225
2020-09-22,603777.SH,22.784,23.09,22.361,22.565,3400068.0,-2.456,22.746,1.457,1.01,3.189,0,交易,7.0758858576356225,22.558415841584157,152053.48598005457,0.985101775660459,0.968427890861845,1.0080212718812318
2020-09-23,603777.SH,22.565,22.9,22.361,22.478,2859236.0,-0.387,22.599,1.457,0.85,2.682,0,交易,8.381058911260254,26.547058823529415,127867.09002280756,0.9868558951965066,0.9764628820960699,1.0053830411958358
2020-09-24,603777.SH,22.245,22.361,21.429,21.691,4586248.0,-3.5,21.855,1.457,1.363,4.302,0,交易,5.042073454207346,16.32061628760088,214020.6262541416,0.9773713161307633,0.9583202897902597,1.0075607394772026
2020-09-25,603777.SH,21.691,21.837,21.21,21.4,2290151.0,-1.343,21.438,1.457,0.68,2.148,0,交易,9.962756052141525,31.898529411764702,107975.05893446488,0.9817282593762879,0.9712872647341668,1.0017757009345793
2020-09-28,603777.SH,21.385,21.56,20.875,20.919,2234457.0,-2.246,21.175,1.457,0.664,2.096,0,交易,9.98043893129771,32.20632530120482,107039.85628742515,0.9821428571428572,0.9682282003710576,1.0122376786653282
2020-09-29,603777.SH,21.035,21.327,20.773,21.152,1851268.9999999998,1.114,21.099,1.457,0.55,1.737,0,交易,12.177317213586644,38.24545454545454,89119.00062581235,0.9893093262062174,0.9740235382379143,0.9974943267776096
2020-09-30,603777.SH,21.167,21.458,20.948,21.108,2057880.0,-0.207,21.177,1.457,0.611,1.816,0,交易,11.623348017621145,34.64320785597382,98237.54057666603,0.9869046509460342,0.9762326405070371,1.0032689027856736
2020-10-09,603777.SH,21.443,21.691,21.283,21.531,2664910.0,2.001,21.542,1.457,0.792,2.352,0,交易,9.154336734693878,27.07449494949495,125213.08086266032,0.9931307915725417,0.9811903554469597,1.0005108912730483
2020-10-12,603777.SH,21.676,22.113,21.516,22.041,3091378.0,2.368,21.934,1.457,0.919,2.728,0,交易,8.079545454545453,23.58650707290533,143678.10001859083,0.9919052141274364,0.9730023063356396,0.9951454108252802
2020-10-13,603777.SH,22.084,22.274,21.691,22.099,3149136.0,0.264,21.977,1.457,0.936,2.779,0,交易,7.952141057934509,23.594017094017094,145181.68825780277,0.9866660680614169,0.9738259854538923,0.9944793882076112
2020-10-14,603777.SH,22.084,22.157,21.706,21.837,2063728.0,-1.187,21.856,1.457,0.613,1.821,0,交易,11.99176276771005,36.02610114192496,95076.3844098406,0.9864151284018595,0.9796452588346798,1.0008700828868435
2020-10-15,603777.SH,21.837,21.91,21.414,21.429,2231660.0,-1.868,21.558,1.457,0.663,1.97,0,交易,10.87766497461929,32.93665158371041,104214.99953301578,0.9839342765860337,0.9773619351894113,1.006019879602408
2020-10-16,603777.SH,21.341,21.502,21.137,21.21,1734993.9999999998,-1.02,21.269,1.457,0.516,1.531,0,交易,13.853690398432398,41.35852713178295,82083.26631026162,0.9891637987163985,0.9830248348990792,1.0027817067421028
2020-10-19,603777.SH,21.181,21.458,21.05,21.123,1813300.0,-0.412,21.226,1.457,0.539,1.6,0,交易,13.201875,39.29684601113173,86142.51781472683,0.9891881815639855,0.9809861124056297,1.0048762012971642
2020-10-20,603777.SH,21.079,21.473,20.919,21.473,2131740.0,1.655,21.232,1.457,0.633,1.881,0,交易,11.415736310473152,33.300157977883096,101904.4887422917,0.9887766031760816,0.9742001583383785,0.9887766031760816
2020-10-21,603777.SH,21.545,21.808,21.05,21.152,2897580.0,-1.493,21.342,1.457,0.861,2.557,0,交易,8.272193977317169,25.02322880371661,137652.2565320665,0.9786316947909024,0.9652421129860602,1.0089826021180028
2020-10-22,603777.SH,21.006,21.137,20.657,20.686,2204754.0,-2.204,20.795,1.457,0.655,1.946,0,交易,10.630010277492293,32.070229007633586,106731.56799147988,0.9838198419832522,0.9772910062922836,1.0052692642366818
2020-10-23,603777.SH,20.686,20.686,19.273,19.448,6891506.0,-5.986,19.79,1.457,2.048,6.082,0,交易,3.197632357777047,10.1005859375,357573.08151299745,0.9566856811370008,0.9316929324180605,1.0175853558206498
2020-10-26,603777.SH,19.375,19.375,18.807,19.127,3178060.0,-1.648,19.071,1.457,0.944,2.805,0,交易,6.818894830659536,20.52436440677966,168982.82554368055,0.9843096774193549,0.9706838709677419,0.9970722015998328
2020-10-27,603777.SH,19.113,19.404,18.981,19.36,1865259.9999999998,1.219,19.282,1.457,0.554,1.646,0,交易,11.761846901579586,34.49999999999999,98269.84879616456,0.9937126365697795,0.978200371057514,0.9959710743801653
2020-10-28,603777.SH,19.375,19.448,18.88,19.083,2090928.0,-1.43,19.137,1.457,0.621,1.845,0,交易,10.343089430894308,31.199677938808374,110748.30508474576,0.9840086384204031,0.9707939119703825,1.0028297437509825
2020-10-29,603777.SH,18.967,19.36,18.734,19.258,2685460.0,0.916,19.128,1.457,0.798,2.37,0,交易,8.125738396624472,23.76817042606516,143346.8559837728,0.9880165289256199,0.9676652892561984,0.9932495586249871
2020-10-30,603777.SH,18.719,19.069,18.064,18.166,5446400.0,-5.673,18.513,1.457,1.618,4.807,0,交易,3.7790721863948407,11.569221260815821,301505.7573073516,0.9708427290366565,0.9472966594997116,1.019101618408015
2020-11-02,603777.SH,18.151,18.297,17.539,17.714,3861780.0000000005,-2.486,17.794,1.457,1.147,3.408,0,交易,5.197769953051643,15.824760244115083,220182.45053879925,0.9725091545062032,0.9585724435699842,1.004516201874224
2020-11-03,603777.SH,17.889,18.938,17.816,18.588,5194949.0,4.934,18.486,1.457,1.544,4.585,0,交易,4.054089422028354,11.586139896373057,291588.9649753031,0.9761326433625516,0.940754039497307,0.9945125887669464
2020-11-04,603777.SH,18.603,19.215,18.472,18.996,4047618.0,2.194,18.959,1.457,1.203,3.572,0,交易,5.318029115341545,15.463840399002494,219121.80597661325,0.9866770752016654,0.9613322924798335,0.9980522215203201
2020-11-05,603777.SH,18.996,19.273,18.807,19.04,2812664.0,0.23,19.034,1.457,0.836,2.482,0,交易,7.6712328767123275,22.72248803827751,149554.10219599085,0.9875992320863384,0.9758210968712706,0.9996848739495798
2020-11-06,603777.SH,19.083,19.156,18.603,18.821,2727520.0,-1.148,18.803,1.457,0.81,2.407,0,交易,7.819277108433735,23.559259259259257,146617.21227758963,0.9815723533096681,0.9711317602839843,0.9990436214866373
2020-11-09,603777.SH,19.098,19.448,18.952,19.302,3399819.9999999995,2.554,19.24,1.457,1.01,3.001,0,交易,6.431856047984005,18.908910891089107,179391.09328830725,0.9893048128342244,0.974496092143151,0.9967878976271888
2020-11-10,603777.SH,19.36,19.535,19.054,19.185,2023740.0000000002,-0.604,19.27,1.457,0.601,1.786,0,交易,10.74188129899216,32.21297836938436,106210.76939225361,0.9864346045559252,0.9753775275147171,1.0044305446963775
2020-11-11,603777.SH,19.36,19.375,18.88,18.923,2203440.0,-1.367,19.128,1.457,0.655,1.945,0,交易,9.729048843187659,29.557251908396946,116707.62711864407,0.9872516129032258,0.9744516129032258,1.0108333773714528
2020-11-12,603777.SH,19.04,19.331,18.763,19.069,1906489.0,0.77,19.13,1.457,0.566,1.683,0,交易,11.330362448009506,33.63957597173145,101608.96445131375,0.9896021933681651,0.9706171434483474,1.0031989092243956
2020-11-13,603777.SH,19.011,19.011,18.341,18.53,2998973.0,-2.827,18.573,1.457,0.891,2.647,0,交易,7.000377786173027,21.336700336700336,163511.9677225887,0.976960706959129,0.9647572458050603,1.0023205612520236
2020-11-16,603777.SH,18.53,19.287,18.53,19.185,3546335.0,3.538,19.003,1.457,1.054,3.13,0,交易,6.1293929712460065,17.580645161290324,191383.43227199136,0.985275055737025,0.9607507647638307,0.9905134219442273
2020-11-17,603777.SH,19.083,19.258,18.603,18.85,2329833.0,-1.746,18.855,1.457,0.692,2.056,0,交易,9.168287937743191,27.576589595375722,125239.63876794065,0.9790736317374599,0.9659881607643578,1.0002652519893898
2020-11-18,603777.SH,18.792,19.2,18.748,18.836,1658338.0,-0.077,18.947,1.457,0.493,1.464,0,交易,12.866120218579233,38.117647058823536,88454.12844036697,0.9868229166666667,0.9764583333333334,1.0058929709067743
2020-11-19,603777.SH,18.836,19.054,18.588,18.996,1974159.9999999998,0.851,18.829,1.457,0.587,1.742,0,交易,10.90470723306544,32.088586030664395,106206.15450828489,0.9881914558622863,0.975543193030335,0.991208675510634
2020-11-20,603777.SH,18.967,18.996,18.763,18.865,1633500.0,-0.69,18.867,1.457,0.485,1.442,0,交易,13.08252427184466,39.10721649484536,87059.63865053562,0.9932090966519268,0.9877342598441778,1.0001060164325473
2020-11-23,603777.SH,18.894,19.127,18.719,18.967,2427560.0,0.541,18.938,1.457,0.721,2.142,0,交易,8.854808590102708,26.20527045769764,129684.27800630375,0.9901186803994354,0.9786688973702098,0.9984710286286709
2020-11-24,603777.SH,19.025,19.04,18.792,18.996,1725500.0,0.154,18.926,1.457,0.513,1.523,0,交易,12.472751149047932,37.08576998050682,91820.98765432098,0.9940126050420167,0.9869747899159665,0.996315013687092
2020-11-25,603777.SH,18.981,19.025,18.384,18.472,2787160.0,-2.761,18.668,1.457,0.828,2.46,0,交易,7.508943089430895,22.923913043478265,151607.91993037425,0.9812352168199737,0.9663074901445468,1.0106106539627544
2020-11-26,603777.SH,18.472,18.617,18.093,18.166,1898849.0000000002,-1.656,18.303,1.457,0.564,1.676,0,交易,10.83890214797136,32.751773049645394,104949.37268556902,0.9831336950099372,0.9718536821184938,1.0075415611582077
2020-11-27,603777.SH,18.253,18.792,18.093,18.719,2631883.0,3.047,18.552,1.457,0.782,2.323,0,交易,8.058114507102886,23.341432225063937,145464.15740894267,0.987228607918263,0.9628033205619412,0.9910785832576525
2020-11-30,603777.SH,18.646,18.865,18.472,18.53,2188654.0,-1.012,18.622,1.457,0.65,1.932,0,交易,9.591097308488614,28.686153846153847,118484.95019488955,0.9871190034455342,0.9791677710045058,1.004964921748516
2020-12-01,603777.SH,18.428,19.622,18.384,19.477,6497124.0,5.11,19.162,1.457,1.93,5.734,0,交易,3.396756191140565,9.54818652849741,353411.8798955614,0.9765569258995005,0.9369075527469167,0.9838270780921086
2020-12-02,603777.SH,19.389,20.526,19.302,20.132,7826439.999999999,3.366,19.929,1.457,2.325,6.907,0,交易,2.9147241928478356,8.339354838709676,405473.0079784478,0.9709149371528792,0.940368313358667,0.9899165507649512
2020-12-03,603777.SH,20.336,21.851,20.191,21.822,13749054.0,8.394,21.433,1.457,4.085,12.134,0,交易,1.7984176693588263,4.978212974296206,680949.6310237235,0.9808704407120956,0.9240309367992311,0.9821739528915774
2020-12-04,603777.SH,21.851,22.07,20.832,21.633,10775446.0,-0.868,21.684,1.457,3.202,9.51,0,交易,2.274763406940063,6.824172392254841,517254.51228878647,0.9825101948346172,0.9439057544177617,1.0023575093606991
2020-12-07,603777.SH,21.633,22.478,21.006,22.172,10284832.0,2.492,21.842,1.457,3.056,9.077,0,交易,2.442657265616393,7.078861256544502,489614.01504332095,0.9717056677640358,0.9345137467746241,0.9851163629803354
2020-12-08,603777.SH,22.186,22.492,21.094,21.181,10170051.0,-4.468,21.517,1.457,3.022,8.976,0,交易,2.359737076648841,7.341495698213104,482130.0369773395,0.9566512537791214,0.9378445669571404,1.0158632736886832
2020-12-09,603777.SH,20.846,21.108,20.322,20.453,6510761.0,-3.439,20.538,1.457,1.935,5.746,0,交易,3.559519665854507,10.77312661498708,320379.933077453,0.972996020466174,0.9627629334849346,1.0041558695545887
2020-12-10,603777.SH,20.263,20.511,19.972,20.234,3204282.0,-1.068,20.242,1.457,0.952,2.828,0,交易,7.154879773691656,21.28466386554622,160438.71419987982,0.9868850860513871,0.9737214177758277,1.0003953741227636
2020-12-11,603777.SH,20.249,20.38,19.229,19.52,4542660.0,-3.528,19.562,1.457,1.35,4.009,0,交易,4.869044649538537,14.999259259259258,236240.05408497583,0.9598626104023553,0.943523061825319,1.0021516393442624
2020-12-14,603777.SH,19.462,19.783,18.355,19.652,5325948.0,0.672,19.045,1.457,1.582,4.7,0,交易,4.181276595744681,12.302149178255371,290163.3342413511,0.96269524339079,0.9278168124146995,0.969112558518217
2020-12-15,603777.SH,19.666,19.724,19.098,19.156,2787360.0,-2.52,19.32,1.457,0.828,2.46,0,交易,7.786991869918698,23.7512077294686,145950.36129437637,0.9795173392820928,0.9682620158182924,1.008561286281061
2020-12-16,603777.SH,19.2,20.118,19.2,19.958,6280496.0,4.183,19.741,1.457,1.866,5.543,0,交易,3.6005773047086413,10.289389067524114,327109.1666666667,0.9812605626801869,0.9543692215926036,0.9891271670508067
2020-12-17,603777.SH,19.928,19.928,19.229,19.666,4052660.0,-1.46,19.48,1.457,1.204,3.577,0,交易,5.4979032708974005,16.551495016611298,210757.70970929327,0.9775190686471297,0.9649237254114813,0.9905420522729584
2020-12-18,603777.SH,19.404,19.52,18.865,19.142,3776633.9999999995,-2.667,19.17,1.457,1.122,3.333,0,交易,5.743174317431743,17.294117647058822,200192.63185793796,0.9820696721311476,0.9664446721311475,1.0014627520635253
2020-12-21,603777.SH,19.156,19.229,18.661,18.981,2973327.0,-0.837,18.921,1.457,0.883,2.624,0,交易,7.2336128048780495,21.694224235560586,159333.74417233802,0.9839825263924281,0.9704612824379844,0.9968389442073652
2020-12-22,603777.SH,18.646,19.331,18.646,18.85,3312936.0,-0.691,19.071,1.457,0.984,2.924,0,交易,6.446648426812586,18.94918699186992,177675.426364904,0.9865501008742436,0.9645646888417568,1.0117241379310344
2020-12-23,603777.SH,18.792,19.491,18.719,19.302,3796660.0,2.396,19.077,1.457,1.128,3.351,0,交易,5.760071620411817,16.659574468085108,202823.86879641004,0.9787594274280438,0.9603919757836951,0.988343176872863
2020-12-24,603777.SH,19.229,19.287,18.428,18.559,3424780.0000000005,-3.849,18.767,1.457,1.018,3.023,0,交易,6.1392656301687065,18.888998035363457,185846.5378771435,0.9730388344480738,0.9554622284440297,1.0112075004041166
2020-12-25,603777.SH,18.399,18.778,17.962,18.603,2327715.0,0.235,18.412,1.457,0.692,2.054,0,交易,9.056962025316457,26.588150289017346,129591.08117136176,0.9805091064011077,0.9565448929598467,0.9897328387894424
2020-12-28,603777.SH,18.617,18.88,18.224,18.239,2284491.0,-1.958,18.553,1.457,0.679,2.016,0,交易,9.047123015873016,27.41826215022091,125356.17866549605,0.9826800847457628,0.9652542372881356,1.0172158561324633
2020-12-29,603777.SH,18.239,18.282,17.598,17.787,2835160.0,-2.476,17.946,1.457,0.842,2.502,0,交易,7.109112709832135,21.661520190023754,161106.9439709058,0.9816212668198229,0.9625861503117821,1.008939112835217
2020-12-30,603777.SH,17.802,18.02,17.714,17.816,1519281.0,0.164,17.857,1.457,0.451,1.341,0,交易,13.285607755406412,39.472283813747225,85767.2462459072,0.9909544950055493,0.9830188679245282,1.0023013022002694
2020-12-31,603777.SH,17.831,18.137,17.831,18.035,1718713.0,1.226,17.999,1.457,0.511,1.517,0,交易,11.888595912986158,34.89432485322896,96389.04155683922,0.992391244417489,0.9831284115344323,0.9980038813418353
2021-01-04,603777.SH,18.035,18.457,17.962,18.355,2168816.0,1.777,18.279,1.457,0.644,1.914,0,交易,9.589864158829677,28.00465838509317,120744.6832201314,0.9903559625074497,0.9731809069729641,0.9958594388450014
2021-01-05,603777.SH,18.311,19.229,18.18,19.054,4820900.0,3.81,18.883,1.457,1.432,4.255,0,交易,4.478025851938895,12.787011173184357,265176.01760176016,0.9820063445837017,0.9454469811222632,0.9910255064553375
2021-01-06,603777.SH,19.054,19.083,18.428,18.544,2661920.0,-2.676,18.626,1.457,0.791,2.349,0,交易,7.894423158790975,24.088495575221234,144449.75037985673,0.9760519834407589,0.9656762563538229,1.0044219154443486
2021-01-07,603777.SH,18.544,18.544,17.685,17.889,3666600.0,-3.535,18.005,1.457,1.089,3.236,0,交易,5.528121137206427,17.02846648301194,207328.24427480917,0.9709339948231233,0.9536777394305435,1.0064844317737156
2021-01-08,603777.SH,17.772,17.874,17.0,17.394,2763220.0,-2.769,17.422,1.457,0.821,2.439,0,交易,7.13161131611316,21.646772228989036,162542.35294117648,0.9747118719928388,0.9511021595613741,1.0016097504886743
2021-01-11,603777.SH,17.292,17.292,16.214,16.33,6196456.0,-6.114,16.557,1.457,1.841,5.469,0,交易,2.9859206436277193,9.392721347093971,382167.0161588751,0.9574947952810546,0.9376590330788802,1.0139007960808328
2021-01-12,603777.SH,16.228,17.088,16.199,16.957,3051516.0,3.836,16.851,1.457,0.907,2.693,0,交易,6.296695135536576,17.891951488423373,188376.81338354218,0.986130617977528,0.9479751872659177,0.9937488942619567
2021-01-13,603777.SH,17.044,17.117,16.461,16.52,2113268.0,-2.577,16.637,1.457,0.628,1.865,0,交易,8.857908847184987,27.14012738853503,128380.29281331634,0.9719577028684933,0.9616755272536074,1.0070823244552058
2021-01-14,603777.SH,16.432,16.68,16.17,16.636,2429296.0,0.705,16.367,1.457,0.722,2.144,0,交易,7.759328358208954,22.7590027700831,150234.75572046998,0.9812350119904077,0.9694244604316548,0.9838302476556866
2021-01-15,603777.SH,16.461,16.825,16.418,16.68,1601216.0,0.263,16.65,1.457,0.476,1.413,0,交易,11.804670912951167,34.581932773109244,97528.07893775126,0.9895988112927191,0.9758098068350669,0.9982014388489208
2021-01-18,603777.SH,16.534,17.117,16.476,16.942,2007040.0000000002,1.572,16.894,1.457,0.596,1.771,0,交易,9.56634669678148,27.741610738255034,121815.97475115322,0.9869720161243207,0.962551849038967,0.9971668043914531
2021-01-19,603777.SH,16.84,17.102,16.738,16.913,1621036.0,-0.172,16.899,1.457,0.482,1.431,0,交易,11.819007686932215,34.93775933609959,96847.6520492293,0.988130043269793,0.9787159396561805,0.9991722343759238
2021-01-20,603777.SH,16.869,17.059,16.753,17.015,1639918.9999999998,0.603,16.95,1.457,0.487,1.447,0,交易,11.758811333794057,34.63860369609856,97888.07974691098,0.9936104109267834,0.9820622545284013,0.9961798413164854
2021-01-21,603777.SH,16.898,17.466,16.898,17.277,2520476.0,1.541,17.267,1.457,0.749,2.224,0,交易,7.768435251798561,22.5607476635514,149158.2435791218,0.9886064353601282,0.9674796747967479,0.9994211958094575
2021-01-22,603777.SH,17.35,17.714,17.131,17.219,2339240.0,-0.337,17.355,1.457,0.695,2.064,0,交易,8.342538759689923,24.96402877697842,136550.11382873153,0.9797335440894209,0.9670881788415943,1.0078982519310065
2021-01-25,603777.SH,17.146,17.146,16.563,16.709,2258668.0,-2.961,16.755,1.457,0.671,1.993,0,交易,8.383843452082287,25.55290611028316,136368.29076858057,0.9771958474279714,0.9659979003849293,1.0027530073613022
2021-01-26,603777.SH,16.636,16.753,16.388,16.549,1545480.0,-0.959,16.549,1.457,0.459,1.364,0,交易,12.132697947214075,36.244008714596944,94305.58945569929,0.9878230764639169,0.9782128573986749,1.0
2021-01-27,603777.SH,16.724,16.724,16.388,16.578,940160.0,0.176,16.532,1.457,0.279,0.83,0,交易,19.973493975903615,59.9426523297491,57368.80644373932,0.9885194929442717,0.9799091126524756,0.9972252382675836
2021-01-28,603777.SH,16.68,16.825,16.388,16.403,1799020.0,-1.054,16.557,1.457,0.535,1.588,0,交易,10.329345088161208,31.17757009345794,109776.66585306321,0.9840713224368499,0.9740267459138189,1.009388526489057
2021-01-29,603777.SH,16.418,16.549,15.587,15.689,2721458.0,-4.352,15.859,1.457,0.809,2.402,0,交易,6.531640299750208,20.29419035846724,174597.93417591584,0.9583056378028885,0.9418695993715632,1.010835617311492
2021-02-01,603777.SH,15.31,15.66,14.786,15.354,2132181.0,-2.136,15.319,1.457,0.634,1.882,0,交易,8.158342189160468,24.14826498422713,144202.6917354254,0.9782247765006387,0.9441890166028096,0.9977204637228085
2021-02-02,603777.SH,15.354,15.354,14.932,15.136,1904878.0,-1.423,15.064,1.457,0.566,1.681,0,交易,9.004164187983342,27.127208480565372,127570.18483793196,0.9811124137032695,0.9725153054578612,0.9952431289640592
2021-02-03,603777.SH,15.048,15.208,14.495,14.568,3099600.0,-3.754,14.744,1.457,0.921,2.736,0,交易,5.324561403508771,16.338762214983714,213839.2549154881,0.9694897422409258,0.9531167806417674,1.012081274025261
2021-02-04,603777.SH,14.553,14.713,13.941,14.16,3465380.0000000005,-2.8,14.239,1.457,1.03,3.058,0,交易,4.630477436232832,14.129126213592233,248574.70769672192,0.9677835927411134,0.9475293957724462,1.0055790960451978
2021-02-05,603777.SH,14.334,15.136,14.174,14.728,3845300.0,4.012,14.806,1.457,1.143,3.394,0,交易,4.339422510312316,12.540682414698162,271292.50740793004,0.9781976744186046,0.9364429175475687,1.0052960347637154
2021-02-08,603777.SH,15.15,15.31,14.568,14.917,2469932.0,1.286,14.872,1.457,0.734,2.18,0,交易,6.842660550458715,20.64032697547684,169545.03020318507,0.9713912475506205,0.9515349444807315,0.9969833076355835
2021-02-09,603777.SH,14.888,15.107,14.669,14.975,1674240.0000000002,0.391,14.867,1.457,0.497,1.478,0,交易,10.1319350473613,29.955734406438633,114134.56950030678,0.9841133249486994,0.9710068180313762,0.9927879799666111
2021-02-10,603777.SH,14.903,15.063,14.815,14.975,1822440.0000000002,0.0,14.967,1.457,0.541,1.608,0,交易,9.31281094527363,27.54713493530499,123013.16233547083,0.9936267675761801,0.9835358162384651,0.999465776293823
2021-02-18,603777.SH,15.223,15.733,15.034,15.587,2738972.0,4.086,15.404,1.457,0.814,2.417,0,交易,6.4489035995035175,18.701474201474202,182185.18025808167,0.9790885400114409,0.9555710926078943,0.9882594469750433
2021-02-19,603777.SH,15.587,15.951,15.558,15.908,2114820.0,2.056,15.811,1.457,0.628,1.866,0,交易,8.52518756698821,24.820063694267514,135931.35364442732,0.9912231208074729,0.9753620462666917,0.9939024390243902
2021-02-22,603777.SH,15.879,16.374,15.806,15.981,2912460.0,0.458,16.085,1.457,0.865,2.57,0,交易,6.218287937743191,18.35722543352601,184262.93812476276,0.9823500671796752,0.9653108586783926,1.0065077279269132
2021-02-23,603777.SH,15.981,16.155,15.66,15.777,1783580.0,-1.276,15.821,1.457,0.53,1.574,0,交易,10.023506988564167,30.152830188679243,113893.99744572159,0.9793252862890746,0.969359331476323,1.002788869873867
2021-02-24,603777.SH,15.806,15.82,15.442,15.631,1640580.0,-0.923,15.654,1.457,0.487,1.448,0,交易,10.794889502762432,32.455852156057496,106241.41950524543,0.9895069532237674,0.9761061946902655,1.001471434968972
2021-02-25,603777.SH,15.66,15.733,15.048,15.15,2380880.0,-3.075,15.257,1.457,0.707,2.101,0,交易,7.210851975249882,22.14992927864215,158219.03242955875,0.9697451217186804,0.9564609419691095,1.007062706270627
2021-02-26,603777.SH,14.917,15.267,14.728,15.179,1641500.0,0.192,15.118,1.457,0.488,1.449,0,交易,10.475500345065562,30.567622950819672,111454.37262357415,0.9902403877644593,0.964695093993581,0.9959812899400488
2021-03-01,603777.SH,15.194,15.544,15.165,15.5,1615935.0,2.111,15.331,1.457,0.48,1.426,0,交易,10.869565217391305,31.65416666666667,106556.8743818002,0.9862969634585692,0.9756176016469377,0.9890967741935484
2021-03-02,603777.SH,15.544,15.704,15.267,15.427,1592500.0,-0.47,15.471,1.457,0.473,1.405,0,交易,10.980071174377224,32.86257928118393,104309.94956441999,0.9851630157921548,0.972172694854814,1.0028521423478318
2021-03-03,603777.SH,15.383,15.66,15.267,15.573,1664059.9999999998,0.944,15.539,1.457,0.494,1.469,0,交易,10.601089176310415,31.139676113360323,108997.18346760987,0.9922733077905491,0.9749042145593869,0.997816734091055
2021-03-04,603777.SH,15.471,15.733,15.354,15.485,1707880.0,-0.561,15.54,1.457,0.507,1.507,0,交易,10.275381552753815,30.514792899408285,111233.55477400027,0.9877327909489607,0.9759105065785291,1.0035518243461414
2021-03-05,603777.SH,15.442,16.636,15.369,16.388,5036080.0,5.833,16.22,1.457,1.496,4.445,0,交易,3.6868391451068616,10.322192513368984,327677.79295985424,0.974993988939649,0.9238398653522482,0.9897485965340491
2021-03-08,603777.SH,16.447,17.627,16.432,17.117,5593696.0,4.444,17.034,1.457,1.662,4.937,0,交易,3.467085274458173,9.895908543922983,340414.800389484,0.9663584274124922,0.9322062744653089,0.9951510194543435
2021-03-09,603777.SH,17.117,17.598,16.52,16.782,5225660.0,-1.957,17.112,1.457,1.553,4.612,0,交易,3.6387684301821337,11.021893110109467,316323.2445520581,0.9723832253665189,0.9387430389817025,1.0196639256346085
2021-03-10,603777.SH,16.84,17.029,16.607,16.869,2154440.0,0.521,16.762,1.457,0.64,1.901,0,交易,8.873750657548658,26.3125,129730.83639429157,0.984320864407775,0.9752187444946855,0.9936570039717826
2021-03-11,603777.SH,16.927,17.379,16.753,17.204,2541720.0,1.986,17.147,1.457,0.755,2.243,0,交易,7.670084707980384,22.419867549668872,151717.3043633976,0.9866505552678518,0.9639795155072213,0.9966868170192977
2021-03-12,603777.SH,17.146,17.219,16.753,16.898,1657320.0,-1.778,16.915,1.457,0.492,1.463,0,交易,11.55023923444976,34.84959349593496,98926.75938637856,0.9823450839189266,0.9729368720599337,1.0010060362173039
2021-03-15,603777.SH,16.782,16.986,16.534,16.622,1427700.0,-1.638,16.71,1.457,0.424,1.26,0,交易,13.192063492063491,39.58018867924528,86349.34075238902,0.9837513246202755,0.9733898504650887,1.005294188424979
2021-03-16,603777.SH,16.607,16.767,16.418,16.592,1409520.0,-0.175,16.569,1.457,0.419,1.244,0,交易,13.337620578778134,39.63484486873509,85852.11353392618,0.988191089640365,0.9791853044671079,0.9986137897782064
2021-03-17,603777.SH,16.607,17.088,16.447,17.044,1742340.0000000002,2.722,16.823,1.457,0.518,1.538,0,交易,11.081924577373211,32.059845559845556,105936.64498084759,0.9844920411985019,0.9624882958801497,0.9870335601971368
2021-03-18,603777.SH,17.175,17.612,17.029,17.292,2361220.0,1.453,17.346,1.457,0.702,2.084,0,交易,8.297504798464491,24.46581196581197,138658.75858829057,0.9848966613672497,0.9668975698387464,1.0031228313671061
2021-03-19,603777.SH,17.466,17.496,16.971,17.175,1515169.0,-0.674,17.212,1.457,0.45,1.337,0,交易,12.845923709798056,38.81333333333333,89279.88922279183,0.9837677183356196,0.9699931412894377,1.0021542940320232
2021-03-22,603777.SH,17.161,17.35,16.796,17.248,2187650.0,0.424,17.033,1.457,0.65,1.931,0,交易,8.932159502848265,26.40153846153846,130248.2733984282,0.9817291066282421,0.9680691642651296,0.9875347866419295
2021-03-23,603777.SH,17.248,17.539,17.073,17.204,1649665.0000000002,-0.253,17.304,1.457,0.49,1.456,0,交易,11.815934065934067,35.2,96624.20195630529,0.9866012885569301,0.9734306402873596,1.00581260172053
2021-03-24,603777.SH,17.204,17.452,16.986,17.131,1124460.0,-0.423,17.167,1.457,0.334,0.992,0,交易,17.269153225806452,51.50898203592814,66199.22288943836,0.9836694934677974,0.9732981893192757,1.0021014535053412
2021-03-25,603777.SH,16.986,17.248,16.709,16.782,1646698.0,-2.041,16.91,1.457,0.489,1.453,0,交易,11.549896765313145,34.736196319018404,98551.55904003831,0.9804035250463822,0.9687499999999999,1.0076272196400906
2021-03-26,603777.SH,16.724,17.306,16.709,17.263,2029782.0,2.865,17.083,1.457,0.603,1.791,0,交易,9.638749302065886,27.734660033167497,121478.36495301934,0.9871142956200161,0.9655032936553796,0.989573075363494
2021-03-29,603777.SH,17.19,17.933,17.073,17.117,4286869.0,-0.844,17.526,1.457,1.274,3.783,0,交易,4.524715833994184,13.49293563579278,251090.55233409477,0.9773044108626554,0.9520437182847266,1.023894374014138
2021-03-30,603777.SH,17.175,17.408,16.738,17.102,1736180.0,-0.085,17.151,1.457,0.516,1.532,0,交易,11.163185378590079,33.28488372093023,103726.8490859123,0.9852366727941175,0.9615119485294117,1.0028651619693603
2021-03-31,603777.SH,17.248,18.807,17.102,18.807,9188431.0,9.966,18.378,1.457,2.73,8.109,0,交易,2.319274879763226,6.317948717948719,537272.3073324757,0.9771893443930452,0.9093422661774871,0.9771893443930452
2021-04-01,603777.SH,18.909,19.054,18.253,18.428,7417088.0,-2.014,18.62,1.457,2.204,6.546,0,交易,2.8151542926978306,8.579401088929218,406348.9837287021,0.9772226304188099,0.9579615828697388,1.010418927718689
2021-04-02,603777.SH,18.413,18.807,18.064,18.69,5147400.0,1.423,18.513,1.457,1.529,4.543,0,交易,4.11402157164869,12.042511445389144,284953.4986713906,0.9843675227308982,0.9604934332961133,0.9905296950240771
2021-04-06,603777.SH,18.617,19.462,18.501,18.719,4814137.0,0.156,18.971,1.457,1.43,4.249,0,交易,4.405507178159567,13.01888111888112,260209.5562402032,0.9747713492960641,0.950621724385983,1.0134622575992307
2021-04-07,603777.SH,18.981,18.981,18.501,18.836,2315780.0,0.623,18.791,1.457,0.688,2.044,0,交易,9.215264187866927,27.58866279069768,125170.5313226312,0.9899899899899899,0.974711553658922,0.997610957740497
2021-04-08,603777.SH,18.792,19.2,18.763,18.88,2868560.0,0.232,18.984,1.457,0.852,2.532,0,交易,7.456556082148499,22.056338028169016,152883.8671854181,0.9887500000000001,0.9772395833333335,1.0055084745762712
2021-04-09,603777.SH,18.88,19.579,18.792,19.302,4398440.0,2.238,19.314,1.457,1.307,3.882,0,交易,4.972179289026275,14.445294567712319,234059.17411664536,0.9864650901476071,0.9598038714949692,1.0006216972334474
2021-04-12,603777.SH,19.346,19.564,19.098,19.433,2744868.0,0.679,19.364,1.457,0.816,2.277,0,交易,8.534475186649098,23.708333333333336,143725.4162739554,0.9897771416888163,0.9761807401349417,0.9964493387536665
2021-04-13,603777.SH,19.389,19.564,19.171,19.229,2452824.0,-1.049,19.359,1.457,0.729,2.035,0,交易,9.449140049140048,26.596707818930042,127944.49950445986,0.9895215702310367,0.9799120834185238,1.006760621977222
2021-04-14,603777.SH,19.229,19.448,18.967,19.36,1531040.0,0.682,19.243,1.457,0.455,1.27,0,交易,15.244094488188976,42.26153846153846,80721.25270206148,0.9894590703414232,0.9752673796791443,0.9939566115702478
2021-04-15,603777.SH,19.302,19.462,19.2,19.302,1609940.0,-0.301,19.327,1.457,0.478,1.336,0,交易,14.447604790419161,40.38075313807531,83851.04166666667,0.9930634056109342,0.9865378686671462,1.001295202569682
2021-04-16,603777.SH,19.389,19.885,19.127,19.317,3032900.0,0.075,19.382,1.457,0.901,2.516,0,交易,7.6776629570747215,21.519422863485016,158566.4244262038,0.974704551169223,0.9618808146844354,1.0033649117357768
2021-04-19,603777.SH,19.215,19.579,18.472,18.646,6468868.0,-3.469,18.833,1.457,1.922,5.366,0,交易,3.4748415952292215,9.997398543184184,350198.5708098744,0.961897951887226,0.9434598294090608,1.0100289606349886
2021-04-20,603777.SH,18.617,18.617,18.049,18.442,4527480.0,-1.094,18.276,1.457,1.345,3.756,0,交易,4.910010649627264,13.841635687732342,250843.81406172088,0.9816834076381801,0.9694902508460009,0.9909988070708166
2021-04-21,603777.SH,18.355,18.646,18.049,18.326,3693994.9999999995,-0.632,18.296,1.457,1.098,3.064,0,交易,5.981070496083551,16.716757741347905,204664.8013740373,0.9812292180628552,0.9679824090957846,0.9983629815562588
2021-04-22,603777.SH,18.472,19.448,18.326,18.909,6695100.0,3.18,19.033,1.457,1.989,5.554,0,交易,3.404573280518545,9.287078934137758,365333.4060897086,0.9786610448375155,0.9423076923076923,1.0065577238352108
2021-04-23,603777.SH,18.894,18.967,18.53,18.821,2880700.0,-0.462,18.701,1.457,0.856,2.39,0,交易,7.87489539748954,22.072429906542055,155461.4139233675,0.9859756419043603,0.9769599831285919,0.9936241432442484
2021-04-26,603777.SH,18.763,18.763,17.816,17.991,4257960.0,-4.412,18.099,1.457,1.265,3.532,0,交易,5.093714609286523,14.832411067193679,238996.40772339472,0.964611202899323,0.9495283270265947,1.0060030015007504
2021-04-27,603777.SH,17.991,18.209,17.729,18.049,1592000.0,0.324,17.94,1.457,0.473,1.321,0,交易,13.663133989401969,38.035940803382665,89796.37881437194,0.9852270855071669,0.9736394090834203,0.9939608842595159
2021-04-28,603777.SH,17.991,17.991,17.598,17.933,2298418.0,-0.646,17.755,1.457,0.683,1.907,0,交易,9.403775563712637,26.341142020497802,130606.7734969883,0.9868823300539158,0.9781557445389361,0.9900741649473038
2021-04-29,603777.SH,18.093,18.297,17.583,18.078,3729340.0,0.812,17.992,1.457,1.108,3.094,0,交易,5.842921784098254,16.329422382671478,212099.1867144401,0.9833306006449145,0.9609772093785865,0.9952428365969688
2021-04-30,603777.SH,18.239,18.239,17.685,17.991,2707763.0,-0.483,17.934,1.457,0.805,2.246,0,交易,8.010240427426536,22.65714285714286,153110.71529544814,0.9832775919732442,0.9696255277153352,0.9968317492079374
2021-05-06,603777.SH,17.991,17.991,17.554,17.714,2150478.0,-1.538,17.726,1.457,0.639,1.784,0,交易,9.929372197309416,28.154929577464788,122506.4372792526,0.9852704129842699,0.9757100772608526,1.0006774302811337
2021-05-07,603777.SH,17.787,17.787,17.379,17.7,1612800.0,-0.082,17.626,1.457,0.479,1.338,0,交易,13.228699551569505,37.13361169102296,92801.6571724495,0.9909484454939002,0.9770618991398213,0.9958192090395481
2021-05-10,603777.SH,17.714,17.714,17.088,17.175,2433140.0,-2.963,17.331,1.457,0.723,2.018,0,交易,8.510901883052528,24.500691562932225,142388.8108614232,0.9783786835271537,0.964660720334199,1.0090829694323142
2021-05-11,603777.SH,17.044,17.86,17.044,17.685,2539360.0,2.969,17.591,1.457,0.755,2.106,0,交易,8.397435897435898,22.574834437086093,148988.50035203004,0.9849384098544234,0.9543113101903696,0.994684761096975
2021-05-12,603777.SH,17.685,17.903,17.539,17.787,1931320.0,0.577,17.756,1.457,0.574,1.602,0,交易,11.102996254681647,30.810104529616726,110115.74206055077,0.9917890856281071,0.9796682120315032,0.99825715410131
2021-05-13,603777.SH,17.772,17.918,17.612,17.802,1569320.0,0.082,17.793,1.457,0.466,1.302,0,交易,13.672811059907833,38.13733905579399,89105.15557574382,0.9930237749748856,0.9829222011385199,0.9994944388270981
2021-05-14,603777.SH,17.831,18.428,17.685,18.209,2696360.0,2.291,18.171,1.457,0.801,2.237,0,交易,8.13991953509164,22.260923845193506,152465.9315804354,0.9860538311265464,0.9596809203386151,0.9979131198857708
2021-05-17,603777.SH,18.224,18.428,17.787,18.239,2610419.0,0.16,18.156,1.457,0.776,2.165,0,交易,8.424480369515011,23.484536082474225,146759.9370326643,0.9852398523985239,0.9652159756891686,0.9954493119140303
2021-05-18,603777.SH,18.268,18.544,17.889,17.962,2692740.0,-1.518,18.146,1.457,0.8,2.234,0,交易,8.04028648164727,22.835,150524.9035720275,0.9785375323554789,0.9646786022433131,1.010243848123817
2021-05-19,603777.SH,18.064,18.064,17.656,17.874,1971559.9999999998,-0.487,17.798,1.457,0.586,1.635,0,交易,10.932110091743118,30.825938566552903,111665.15632079745,0.9852745792736934,0.9774136403897253,0.9957480138749021
2021-05-20,603777.SH,17.816,18.005,17.67,17.874,1783840.0000000002,0.0,17.82,1.457,0.53,1.48,0,交易,12.077027027027027,33.61509433962264,100953.02773061687,0.9897250763676757,0.9813940572063318,0.9969788519637464
2021-05-21,603777.SH,17.933,17.933,17.452,17.598,1823980.0,-1.548,17.549,1.457,0.542,1.513,0,交易,11.631196298744216,33.08671586715867,104514.09580563831,0.9785869625829476,0.973177940110411,0.9972155926809865
2021-05-24,603777.SH,17.481,17.7,17.073,17.263,2654395.0,-1.904,17.22,1.457,0.789,2.202,0,交易,7.83969118982743,22.155893536121674,155473.2618754759,0.9728813559322034,0.9645762711864407,0.9975091235590567
2021-05-25,603777.SH,17.306,17.758,17.219,17.627,2617088.0,2.11,17.545,1.457,0.778,2.171,0,交易,8.119299861814833,22.24421593830334,151988.38492363086,0.988005406014191,0.9696474828246425,0.9953480456118456
2021-05-26,603777.SH,17.627,18.413,17.466,18.268,4460918.0,3.636,18.044,1.457,1.325,3.7,0,交易,4.937297297297297,13.303396226415094,255405.81701591663,0.9799598110030957,0.9485689458534732,0.9877381213050143
2021-05-27,603777.SH,18.224,19.637,18.078,19.506,8909919.0,6.778,19.223,1.457,2.647,7.391,0,交易,2.6391557299418213,6.88477521722705,492859.77431131765,0.9789173499006976,0.920609054336202,0.9854916435968419
2021-05-28,603777.SH,19.287,19.346,18.923,19.113,4245499.0,-2.016,19.127,1.457,1.261,3.522,0,交易,5.426746166950596,15.295003965107059,224356.550229879,0.9886798304559081,0.9781350149901787,1.0007324857426882
2021-05-31,603777.SH,19.229,19.244,18.792,18.865,2689259.0,-1.296,18.963,1.457,0.799,2.231,0,交易,8.455849394890183,24.06633291614518,143106.5879097488,0.9853980461442529,0.9765121596341718,1.0051948051948054
2021-06-01,603777.SH,18.865,19.2,18.734,18.865,2678921.0,0.0,18.926,1.457,0.796,2.222,0,交易,8.49009900990099,23.69974874371859,142997.81146578412,0.9857291666666667,0.9757291666666668,1.003233501192685
2021-06-02,603777.SH,18.981,19.083,17.583,18.676,3106520.0,-1.004,18.607,1.457,0.923,2.577,0,交易,7.247186651144742,20.564463705308775,176677.47255872152,0.9750563328617095,0.9213960069171514,0.9963054187192119
2021-06-03,603777.SH,18.486,18.923,18.311,18.355,2724663.0,-1.716,18.47,1.457,0.81,2.26,0,交易,8.121681415929205,22.822222222222223,148799.2463546502,0.9760608782962533,0.9676584051154681,1.0062653228003269
2021-06-04,603777.SH,18.311,18.836,18.224,18.544,2655580.0,1.032,18.548,1.457,0.789,2.203,0,交易,8.41761234679982,23.20785804816223,145718.832309043,0.9847101295391802,0.9675090252707582,1.000215703192407
2021-06-07,603777.SH,18.617,20.395,18.355,20.395,8822080.0,9.976,19.756,1.457,2.621,7.318,0,交易,2.786963651270839,7.103014116749333,480636.3388722419,0.9686687913704339,0.8999754841873009,0.9686687913704339
2021-06-08,603777.SH,20.802,21.691,19.52,19.987,15904649.0,-2.0,20.344,1.457,4.726,13.193,0,交易,1.5149700598802394,4.401608125264494,814787.3463114754,0.937900511732977,0.8999124060670325,1.0178616100465303
2021-06-09,603777.SH,19.943,21.982,19.681,21.982,11166308.0,9.985,21.149,1.457,3.318,9.263,0,交易,2.373097268703444,6.010548523206752,567364.8696712565,0.9621053589300337,0.8953234464561916,0.9621053589300337
2021-06-10,603777.SH,24.182,24.182,23.381,24.182,29907253.000000004,10.007,24.086,1.457,8.886,24.809,0,交易,0.9747269136200571,2.721359441818591,1279126.3419015442,0.9960301050368042,0.9668761889008354,0.9960301050368042
2021-06-11,603777.SH,23.993,26.192,23.06,23.891,36843923.0,-1.205,24.71,1.457,10.947,30.563,0,交易,0.7816968229558616,2.1917420297798484,1597741.673894189,0.943417837507636,0.8804215027489309,1.0342806914737768
2021-06-15,603777.SH,22.682,23.92,21.735,23.308,23981074.0,-2.439,22.696,1.457,7.125,19.893,0,交易,1.1716684260795254,3.1834385964912277,1103339.0384172993,0.948829431438127,0.908653846153846,0.9737429208855329
2021-06-16,603777.SH,22.871,25.639,22.769,25.639,20844985.0,10.0,24.724,1.457,6.194,17.292,0,交易,1.482708767059912,3.69244430093639,915498.4847819405,0.9643121806622723,0.8880611568313896,0.9643121806622723
2021-06-17,603777.SH,26.659,28.203,26.222,28.203,16152409.0,10.0,27.356,1.457,4.799,13.399,0,交易,2.104858571535189,5.555115649093561,615986.9193806727,0.9699677339290147,0.9297592454703401,0.9699677339290147
2021-06-18,603777.SH,29.849,31.029,27.533,29.354,47134145.0,4.081,29.433,1.457,14.005,39.099,0,交易,0.7507608890252948,2.1313102463405924,1711914.6115570406,0.9485642463501885,0.8873312062908892,1.0026912856850856
2021-06-21,603777.SH,27.678,29.179,27.023,28.246,31029909.999999996,-3.772,28.216,1.457,9.22,25.74,0,交易,1.0973581973581974,3.0019522776572667,1148277.7633867445,0.9669968127763118,0.9261112443880873,0.9989379027118885
2021-06-22,603777.SH,28.683,29.776,27.343,27.693,29814765.000000004,-1.96,28.576,1.457,8.859,24.732,0,交易,1.1197234352256187,3.2377243481205555,1090398.4566433823,0.9596990865126277,0.9182898979043526,1.0318853139782616
2021-06-23,603777.SH,26.484,27.97,26.076,27.023,24311391.0,-2.42,26.723,1.457,7.223,20.167,0,交易,1.3399613229533396,3.6666205177903923,932328.2328578002,0.9554165176975331,0.932284590632821,0.9888983458535322
2021-06-24,603777.SH,26.804,26.804,24.328,24.328,28086809.999999996,-9.973,24.998,1.457,8.345,23.299,0,交易,1.0441649856217006,3.2119832234871177,1154505.5080565603,0.932621996716908,0.9076257275033577,1.02754028280171
2021-06-25,603777.SH,23.527,25.231,23.104,24.328,23674069.0,0.0,24.084,1.457,7.034,19.638,0,交易,1.2388226907017006,3.34475405174865,1024674.0391274239,0.9545400499385676,0.9156989417779714,0.9899704044722131
2021-06-28,603777.SH,24.036,25.012,23.614,24.561,18112472.0,0.958,24.387,1.457,5.382,15.025,0,交易,1.634675540765391,4.465997770345597,767022.613703735,0.9750119942427635,0.9441068287222133,0.9929155978991083
2021-06-29,603777.SH,24.182,25.901,24.051,24.998,21330771.0,1.779,25.159,1.457,6.338,17.695,0,交易,1.4127154563436,3.8153991795519087,886897.4678807535,0.9713524574340758,0.9285741863248522,1.0064405152412192
2021-06-30,603777.SH,24.342,25.114,23.308,24.168,19257668.0,-3.322,24.119,1.457,5.722,15.975,0,交易,1.5128638497652582,4.2541069556099265,826225.6735884675,0.9603806641713785,0.9280879190889544,0.997972525653757
2021-07-01,603777.SH,23.934,24.138,22.711,22.798,14803124.0,-5.666,23.418,1.457,4.398,12.28,0,交易,1.856514657980456,5.442019099590723,651804.1477698032,0.9701715137956748,0.94088159748115,1.027195368014738
2021-07-02,603777.SH,22.623,23.774,22.623,22.915,10649396.0,0.511,23.09,1.457,3.164,8.834,0,交易,2.593955173194476,7.150126422250316,470733.147681563,0.9712290737780769,0.9515857659628165,1.007636919048658
2021-07-05,603777.SH,22.58,23.191,22.405,22.842,8996745.0,-0.318,22.823,1.457,2.673,7.463,0,交易,3.0606994506230736,8.447437336326225,401550.76991742913,0.9841317752576431,0.9661075417187703,0.9991681989317924
2021-07-06,603777.SH,22.652,22.958,21.968,22.492,10933422.0,-1.531,22.417,1.457,3.249,9.07,0,交易,2.4798235942668136,6.971991381963681,497697.6511289148,0.9764352295496125,0.9568777768098267,0.9966654810599325
2021-07-07,603777.SH,22.361,23.279,22.317,22.478,11464215.0,-0.065,22.707,1.457,3.406,9.51,0,交易,2.363617245005258,6.565179095713447,513698.74983196665,0.9754284977877057,0.9586752008247778,1.0101877391226977
2021-07-08,603777.SH,22.405,22.521,21.924,22.07,9439420.0,-1.815,22.154,1.457,2.805,7.83,0,交易,2.818646232439336,7.9875222816399285,430551.90658638935,0.9837040983970516,0.973491408019182,1.0038060715903943
2021-07-09,603777.SH,21.997,22.434,21.458,22.434,10995146.0,1.65,21.892,1.457,3.267,9.121,0,交易,2.459598728209626,6.733088460361188,512403.113058067,0.975840242489079,0.9564946064009984,0.975840242489079
2021-07-12,603777.SH,22.259,22.958,21.866,22.58,13163570.000000002,0.649,22.535,1.457,3.911,10.92,0,交易,2.0677655677655675,5.691383277934032,602010.8844781854,0.9815750500914715,0.9524348810872028,0.9980070859167406
2021-07-13,603777.SH,22.536,23.454,22.536,23.206,15060441.0,2.774,23.078,1.457,4.475,12.493,0,交易,1.8575202113183382,5.035977653631286,668283.6794462194,0.9839686194252579,0.9608595548733692,0.9944841851245367
2021-07-14,603777.SH,22.988,24.328,22.667,23.599,18859419.0,1.695,23.62,1.457,5.604,15.645,0,交易,1.5084052412911473,4.1020699500356885,832020.9555741827,0.9708977310095364,0.9317247615915818,1.000889868214755
2021-07-15,603777.SH,23.308,23.337,21.924,22.419,13982532.0,-5.0,22.595,1.457,4.155,11.599,0,交易,1.9328390378480904,5.60962695547533,637772.8516694034,0.9682049963577152,0.9394523717701504,1.0078504839644944
2021-07-16,603777.SH,23.235,23.818,22.798,23.075,21023998.0,2.924,23.302,1.457,6.247,17.44,0,交易,1.3231077981651376,3.7193853049463743,922186.068953417,0.9783357124863548,0.9571752456125618,1.0098374864572048
2021-07-19,603777.SH,22.463,22.507,21.633,22.113,13109079.999999998,-4.167,22.075,1.457,3.895,10.874,0,交易,2.0335663049475814,5.767137355584082,605976.055101003,0.9808059714755408,0.9611676367352379,0.9982815538371094
2021-07-20,603777.SH,21.851,24.08,21.574,23.352,20385994.0,5.599,22.995,1.457,6.057,16.911,0,交易,1.3808763526698598,3.6075614990919593,944933.4383980717,0.9549418604651164,0.8959302325581396,0.9847122302158273
2021-07-21,603777.SH,23.337,23.57,22.376,22.623,15035920.000000002,-3.119,22.843,1.457,4.468,12.473,0,交易,1.8137577166680028,5.223142345568487,671966.3925634609,0.9691557064064489,0.9493423843869326,1.0097246165406886
2021-07-22,603777.SH,22.419,22.784,22.026,22.084,9121486.0,-2.382,22.238,1.457,2.71,7.567,0,交易,2.91846174177349,8.27269372693727,414123.581222192,0.9760358146067416,0.9667310393258427,1.0069733743886977
2021-07-23,603777.SH,21.997,22.07,20.846,20.861,11854126.0,-5.541,21.403,1.457,3.522,9.833,0,交易,2.1215295433743515,6.245599091425327,568652.3073971026,0.969777979157227,0.9445400996828274,1.0259814965725516
2021-07-26,603777.SH,20.642,21.094,20.365,21.079,7416285.000000001,1.047,20.759,1.457,2.204,6.152,0,交易,3.426365409622887,9.365698729582576,364168.1807021852,0.9841187067412533,0.9654404095951454,0.9848190141847336
2021-07-27,603777.SH,20.919,20.963,19.375,19.55,9429701.0,-7.256,20.097,1.457,2.802,7.822,0,交易,2.4993607772948097,7.465738758029978,486694.24516129034,0.9586891189238181,0.9242474836616896,1.0279795396419438
2021-07-28,603777.SH,19.229,19.419,18.428,18.894,6851939.999999999,-3.353,18.809,1.457,2.036,5.684,0,交易,3.3240675580577053,9.444499017681729,371822.2270457998,0.9685874658839282,0.9489675060507751,0.9955012173176672
2021-07-29,603777.SH,19.098,19.302,18.88,19.302,5180660.0,2.159,19.081,1.457,1.539,4.298,0,交易,4.49092601209865,12.409356725146198,274399.3644067797,0.988550409284012,0.9781369806237695,0.988550409284012
2021-07-30,603777.SH,19.127,19.273,18.748,19.098,4748500.0,-1.057,18.955,1.457,1.411,3.939,0,交易,4.848438690022848,13.555634301913535,253280.34990398976,0.9835002334872619,0.9727598194365175,0.9925123049533983
2021-08-02,603777.SH,19.083,19.768,18.836,19.681,7101573.0,3.051,19.481,1.457,2.11,5.891,0,交易,3.340858937362078,9.044075829383885,377021.2890210236,0.9854815864022664,0.9528530959125859,0.9898379147401047
2021-08-03,603777.SH,19.52,20.03,19.273,19.55,5725827.0,-0.666,19.71,1.457,1.701,4.75,0,交易,4.11578947368421,11.475602586713697,297090.5930576454,0.9840239640539191,0.9622066899650523,1.0081841432225065
2021-08-04,603777.SH,19.477,19.797,19.375,19.593,4447860.0,0.224,19.541,1.457,1.322,3.69,0,交易,5.309756097560975,14.732980332829046,229566.96774193548,0.9870687477900691,0.9786836389351922,0.9973459909151228
2021-08-05,603777.SH,19.331,19.593,18.952,19.244,4454209.0,-1.784,19.266,1.457,1.323,3.695,0,交易,5.208119079837618,14.61148904006047,235025.80202617135,0.9833103659470218,0.9672842341652632,1.0011432134691332
2021-08-06,603777.SH,19.142,19.36,18.894,19.244,4436760.0,0.0,19.077,1.457,1.318,3.68,0,交易,5.229347826086956,14.523520485584218,234823.75357256274,0.9853822314049588,0.9759297520661157,0.9913219704843069
2021-08-09,603777.SH,19.2,20.293,19.083,20.074,10164573.0,4.315,19.919,1.457,3.02,8.432,0,交易,2.3806925996204935,6.357615894039735,532650.6838547399,0.9815699995072193,0.940373527817474,0.9922785692936136
2021-08-10,603777.SH,19.972,20.948,19.608,20.686,12127326.0,3.048,20.338,1.457,3.603,10.06,0,交易,2.056262425447316,5.54315847904524,618488.6780905753,0.9708802749665839,0.9360320794347909,0.9831770279416031
2021-08-11,603777.SH,20.54,21.269,20.395,20.788,10508373.0,0.493,20.712,1.457,3.122,8.717,0,交易,2.3847654009406907,6.579115951313261,515242.6084824712,0.9738116507593212,0.9589073299167803,0.9963440446411391
2021-08-12,603777.SH,20.54,20.802,20.22,20.263,6080439.0,-2.523,20.412,1.457,1.807,5.044,0,交易,4.017248215701825,11.366906474820144,300714.0949554896,0.9812518027112778,0.9720219209691375,1.0073533040517197
2021-08-13,603777.SH,20.263,20.467,19.928,20.147,4766940.0,-0.575,20.165,1.457,1.416,3.954,0,交易,5.095346484572584,14.310028248587573,239208.1493376154,0.9852445399912054,0.9736649240240388,1.0008934332654986
2021-08-16,603777.SH,20.234,20.7,20.103,20.598,6960920.0,2.242,20.458,1.457,2.068,5.774,0,交易,3.567370973328715,9.784332688588009,346262.7468537034,0.9883091787439613,0.9711594202898551,0.9932032236139431
2021-08-17,603777.SH,20.584,22.652,20.467,22.405,28400542.0,8.769,22.187,1.457,8.438,23.559,0,交易,0.9510165966297381,2.4394406257406964,1387626.0321493137,0.9794720113014304,0.90354052622285,0.9902700290113814
2021-08-18,603777.SH,21.269,21.56,20.759,21.123,19445745.0,-5.722,21.105,1.457,5.778,16.131,0,交易,1.3094662451180956,3.681031498788508,936738.0413314707,0.9788961038961039,0.9628478664192951,0.9991478483170004
2021-08-19,603777.SH,20.832,21.4,20.613,20.861,9123555.0,-1.241,20.906,1.457,2.711,7.568,0,交易,2.756474630021142,7.684249354481742,442611.7013535148,0.9769158878504673,0.9632242990654206,1.0021571353242893
2021-08-20,603777.SH,20.54,20.657,18.938,19.419,9731870.0,-6.913,19.544,1.457,2.892,8.073,0,交易,2.405425492382014,7.102351313969571,513880.55760904006,0.9461199593358184,0.9167836568717626,1.0064369946959164
2021-08-23,603777.SH,19.287,19.812,19.287,19.593,5621818.0,0.9,19.562,1.457,1.67,4.664,0,交易,4.20090051457976,11.549101796407186,291482.24192461243,0.9873813850191803,0.9735009085402785,0.9984178022763233
2021-08-24,603777.SH,19.666,20.802,19.55,20.555,8882983.0,4.907,20.143,1.457,2.639,7.369,0,交易,2.789387976658977,7.452065176203108,454372.53196930944,0.9683203538121335,0.9398134794731277,0.9799562150328388
2021-08-25,603777.SH,20.467,21.21,20.409,20.759,7252402.0,0.992,20.764,1.457,2.155,6.016,0,交易,3.45063164893617,9.497447795823666,355353.1285217306,0.9789721829325789,0.9622347949080622,1.0002408593862901
2021-08-26,603777.SH,20.89,21.021,20.103,20.307,5842155.0,-2.175,20.408,1.457,1.736,4.846,0,交易,4.190466364011556,12.033410138248849,290611.10282047454,0.9708386851243994,0.9563293849008135,1.004973654404885
2021-08-27,603777.SH,20.511,20.904,20.293,20.38,6260640.0,0.359,20.553,1.457,1.86,5.193,0,交易,3.924513768534566,11.027419354838708,308512.2948800079,0.9832089552238806,0.9707711442786069,1.0084887144259078
2021-08-30,603777.SH,20.395,21.298,19.812,21.123,10079390.0,3.645,20.663,1.457,2.995,8.361,0,交易,2.526372443487621,6.809682804674457,508751.7666060973,0.9701849938961405,0.930228190440417,0.9782227903233441
2021-08-31,603777.SH,21.065,21.094,20.147,20.365,6950220.0,-3.586,20.513,1.457,2.065,6.059,0,交易,3.3611156956593495,10.200968523002421,344975.4305851988,0.9724566227363232,0.955105717265573,1.0072673704885835
2021-09-01,603777.SH,20.395,21.021,19.928,20.773,7644580.0,2.003,20.516,1.457,2.271,6.664,0,交易,3.1171968787515008,8.980625275209158,383609.99598554795,0.975976404547833,0.9480043765758052,0.987628171183748
2021-09-02,603777.SH,20.759,20.788,20.278,20.409,5730430.0,-1.753,20.472,1.457,1.703,4.996,0,交易,4.085068054443554,12.189665296535525,282593.45103067363,0.9847989224552627,0.9754666153550124,1.0030868734381893
2021-09-03,603777.SH,20.322,20.992,20.161,20.73,6767378.999999999,1.57,20.637,1.457,2.011,5.9,0,交易,3.513559322033898,10.105420188960714,335666.83200238075,0.9830887957317073,0.9604134908536586,0.9955137481910274
2021-09-06,603777.SH,20.584,21.545,20.526,21.327,10127873.0,2.881,21.249,1.457,3.009,8.829,0,交易,2.415562351342168,6.840810900631439,493416.78846341226,0.9862613135298212,0.9527036435367834,0.9963426642284426
2021-09-07,603777.SH,21.123,21.968,21.123,21.778,9419461.0,2.117,21.743,1.457,2.799,8.212,0,交易,2.6519727228446177,7.546623794212219,445933.8635610472,0.989757829570284,0.9615349599417334,0.9983928735421067
2021-09-08,603777.SH,21.822,21.982,21.385,21.72,7125225.999999999,-0.268,21.654,1.457,2.117,6.212,0,交易,3.4964584674822925,10.307982994803968,333188.02899228426,0.9850787007551634,0.9728414157037577,0.9969613259668508
2021-09-09,603777.SH,21.647,21.953,21.429,21.516,5178500.0,-0.939,21.641,1.457,1.539,4.514,0,交易,4.766504209127159,14.06562703053931,241658.50016333009,0.9857878194324238,0.9761308249441989,1.0058096300427588
2021-09-10,603777.SH,21.414,21.793,21.196,21.341,6172744.0,-0.812,21.451,1.457,1.834,5.381,0,交易,3.965991451403085,11.676117775354417,291222.11738063785,0.984306887532694,0.9726058826228606,1.0051543976383488
2021-09-13,603777.SH,21.341,21.618,21.006,21.327,5243964.0,-0.068,21.229,1.457,1.558,4.572,0,交易,4.6646981627296595,13.697689345314506,249641.245358469,0.9820057359607735,0.9716902581182348,0.9954048858254794
2021-09-14,603777.SH,21.269,21.982,21.006,21.065,6546030.0,-1.23,21.462,1.457,1.945,5.707,0,交易,3.6910811284387597,10.935218508997428,311626.6780919737,0.9763442816850151,0.9556000363934128,1.0188464277237121
2021-09-15,603777.SH,21.035,21.473,20.598,21.225,4255380.0,0.761,21.07,1.457,1.264,3.71,0,交易,5.721024258760108,16.64161392405063,206591.90212642006,0.9812322451450659,0.9592511526102547,0.9926972909305064
2021-09-16,603777.SH,21.225,23.235,20.948,22.463,18256183.0,5.834,22.084,1.457,5.424,15.915,0,交易,1.41143575243481,3.913163716814159,871500.0477372542,0.9504626640843555,0.901570905960835,0.983127810176735
2021-09-17,603777.SH,22.201,22.594,21.531,21.706,12881729.0,-3.372,21.911,1.457,3.827,11.23,0,交易,1.9328584149599286,5.801149725633656,598287.5388974037,0.9697707355935204,0.9529521111799591,1.0094443932553212
2021-09-22,603777.SH,21.298,21.414,20.161,20.424,10973135.0,-5.906,20.609,1.457,3.26,9.566,0,交易,2.1350616767719,6.5331288343558285,544275.3335648034,0.9624077706173532,0.9414868777435322,1.009057971014493
2021-09-23,603777.SH,20.453,20.671,20.438,20.482,4797769.0,0.285,20.522,1.457,1.426,4.183,0,交易,4.896485775759024,14.342917251051894,234747.48018397106,0.9927918339702965,0.9887281698998597,1.0019529342837614
2021-09-24,603777.SH,20.395,21.633,20.293,21.371,10371012.0,4.339,21.168,1.457,3.081,9.041,0,交易,2.3637871916823356,6.619604024667316,511063.51944020105,0.9785050617112745,0.938057597189479,0.990501146413364
2021-09-27,603777.SH,21.269,22.594,20.846,22.332,15496710.0,4.499,22.084,1.457,4.604,13.509,0,交易,1.6531201421274706,4.619678540399652,743390.0988199175,0.9774276356554837,0.9226343276976188,0.9888948593945907
2021-09-28,603777.SH,22.143,22.463,21.414,22.23,10908003.0,-0.457,22.012,1.457,3.241,9.509,0,交易,2.337785256073194,6.832150570811478,509386.5228355281,0.9799225392868272,0.9533009838400927,0.9901934322986955
2021-09-29,603777.SH,21.866,22.725,21.647,22.725,16098968.0,2.228,22.371,1.457,4.783,14.035,0,交易,1.6191663697898113,4.5716077775454735,743704.3470226822,0.9844224422442243,0.9525632563256324,0.9844224422442243
2021-09-30,603777.SH,22.711,23.177,22.215,22.419,12323159.0,-1.346,22.561,1.457,3.662,10.743,0,交易,2.086847249371684,6.201802293828509,554722.4397929327,0.973421926910299,0.9584933339086164,1.0063339131986262
2021-10-08,603777.SH,22.449,23.527,21.735,23.527,16194560.999999998,4.938,23.013,1.457,4.812,14.118,0,交易,1.6664541719790338,4.665211970074813,745091.3733609385,0.9781527606579675,0.9238321927997619,0.9781527606579675
2021-10-11,603777.SH,23.381,24.269,22.871,22.886,18974138.0,-2.724,23.547,1.457,5.638,16.541,0,交易,1.3835922858351972,4.147037956722242,829615.5830527743,0.9702501133132804,0.9423956487700359,1.0288822861137814
2021-10-12,603777.SH,22.58,24.197,22.172,24.066,23999659.0,5.156,23.555,1.457,7.131,20.922,0,交易,1.1502724404932605,3.166456317487028,1082430.9489446147,0.9734677852626359,0.9163119394966319,0.9787667248400233
2021-10-13,603777.SH,23.658,25.071,23.323,24.91,20898517.0,3.511,24.166,1.457,6.209,18.219,0,交易,1.3672539656402656,3.8102754066677407,896047.5496291214,0.9639025168521399,0.9302780104503211,0.9701324769169009
2021-10-14,603777.SH,24.473,24.91,24.197,24.721,12580336.0,-0.76,24.542,1.457,3.738,10.967,0,交易,2.254126014406857,6.547084002140181,519913.0470719511,0.9852268165395424,0.9713769570453633,0.9927591925892966
2021-10-15,603777.SH,24.619,24.648,22.245,22.245,21860760.0,-10.018,23.066,1.457,6.495,19.057,0,交易,1.1672876108516557,3.790454195535027,982726.9049224544,0.9358162934112301,0.9025073028237586,1.0369071701505956
2021-10-18,603777.SH,21.574,21.706,20.278,20.788,14526769.0,-6.549,20.752,1.457,4.316,12.664,0,交易,1.6415034744156665,4.998609823911029,716380.7574711511,0.9560490187045056,0.9342117386897631,0.9982682316721184
2021-10-19,603777.SH,20.73,21.094,20.118,20.322,12170140.0,-2.242,20.619,1.457,3.616,10.609,0,交易,1.9155434065416155,5.732853982300885,604937.8665871359,0.9774817483644638,0.9537309187446666,1.0146147032772366
2021-10-20,603777.SH,20.38,20.715,19.666,20.395,12277695.0,0.358,20.263,1.457,3.648,10.703,0,交易,1.905540502662805,5.586622807017544,624310.7393470965,0.9781800627564567,0.9493603668839006,0.9935278254474137
2021-10-21,603777.SH,20.249,20.511,19.928,20.016,8791939.0,-1.857,20.069,1.457,2.612,7.664,0,交易,2.6116910229645094,7.7522970903522195,441185.21678040945,0.9784505874896396,0.9715762273901809,1.0026478816946442
2021-10-22,603777.SH,19.972,20.103,19.215,19.768,11030200.0,-1.237,19.672,1.457,3.277,9.616,0,交易,2.0557404326123128,6.094598718339945,574041.1137132449,0.9785604138685768,0.9558274884345619,0.9951436665317686
2021-10-25,603777.SH,19.52,19.783,19.317,19.739,6896136.0,-0.147,19.528,1.457,2.049,6.012,0,交易,3.283266799733866,9.526598340653978,356998.2916601957,0.9871101450740534,0.9764444219784663,0.9893105020517756
2021-10-26,603777.SH,19.666,19.928,19.477,19.826,5609450.0,0.443,19.691,1.457,1.667,4.788,0,交易,4.140768588137009,11.797240551889622,288003.79935308313,0.9881071858691288,0.977368526696106,0.9931907596085947
2021-10-27,603777.SH,19.826,19.826,17.845,17.845,15334500.0,-9.993,18.491,1.457,4.556,13.089,0,交易,1.363358545343418,4.3516242317822655,859316.3351078734,0.9326641783516594,0.9000807021083425,1.036200616419165
2021-10-28,603777.SH,17.554,18.472,17.496,18.18,9003260.0,1.878,18.051,1.457,2.675,7.685,0,交易,2.365647364996747,6.562242990654205,514589.62048468227,0.9772087483759202,0.9471632741446512,0.9929042904290428
2021-10-29,603777.SH,18.049,18.865,17.947,18.559,9102071.0,2.083,18.517,1.457,2.704,7.769,0,交易,2.3888531342515127,6.674926035502958,507163.92711873853,0.9815531407368142,0.9513384574609065,0.997736947033784
2021-11-01,603777.SH,17.86,18.486,17.525,18.122,9391352.0,-2.355,18.131,1.457,2.79,8.017,0,交易,2.2604465510789575,6.401433691756272,535883.1383737518,0.9807962782646327,0.9480147138374986,1.0004966339256154
2021-11-02,603777.SH,18.049,18.297,17.729,17.86,7618532.000000001,-1.447,17.995,1.457,2.264,6.504,0,交易,2.7460024600246005,7.972173144876326,429721.47329234594,0.9834945619500465,0.9689566595616766,1.007558790593505
2021-11-03,603777.SH,17.962,18.472,17.874,18.341,7405153.0,2.692,18.125,1.457,2.2,6.322,0,交易,2.901138880101234,8.164545454545454,414297.4711871993,0.981214811606756,0.9676266782156776,0.9882231067008341
2021-11-04,603777.SH,18.209,18.792,18.18,18.661,9148939.0,1.747,18.594,1.457,2.718,7.81,0,交易,2.3893725992317543,6.699411331861663,503241.9691969197,0.9894636015325671,0.9674329501915708,0.9964096243502492
2021-11-05,603777.SH,18.501,19.2,18.428,18.719,9243536.0,0.312,18.868,1.457,2.746,7.891,0,交易,2.3721961728551517,6.737436270939549,501602.77838072495,0.9827083333333333,0.9597916666666667,1.0079598269138308
2021-11-08,603777.SH,18.603,18.603,17.976,18.137,6876500.0,-3.113,18.186,1.457,2.043,5.87,0,交易,3.089778534923339,9.105726872246697,382537.8282153983,0.9775842606031284,0.9662957587485889,1.0027016595908915
2021-11-09,603777.SH,18.209,18.486,18.035,18.239,5176000.0,0.562,18.226,1.457,1.538,4.419,0,交易,4.127404390133515,11.839401820546163,286997.5048516773,0.9859353023909985,0.9756031591474629,0.999287241625089
2021-11-10,603777.SH,18.253,18.719,17.802,18.166,5898512.0,-0.399,18.188,1.457,1.753,5.035,0,交易,3.6079443892750747,10.412435824301198,331339.8494551174,0.9716331000587637,0.9510123404027992,1.0012110536166463
2021-11-11,603777.SH,18.107,18.253,17.976,18.078,5185323.0,-0.481,18.095,1.457,1.541,4.427,0,交易,4.083578043822001,11.750162232316677,288458.1108144192,0.991343888675834,0.9848244124253547,1.0009403695099015
2021-11-12,603777.SH,18.049,18.18,17.845,17.86,5365580.0,-1.209,17.919,1.457,1.594,4.58,0,交易,3.8995633187772922,11.323086574654955,300676.9403194172,0.9856435643564356,0.9815731573157316,1.003303471444569
2021-11-15,603777.SH,17.845,18.341,17.758,18.326,7249060.000000001,2.61,18.134,1.457,2.154,6.188,0,交易,2.9615384615384617,8.284586815227483,408213.76281112747,0.9887138105882994,0.9682132926230848,0.9895230819600568
2021-11-16,603777.SH,18.297,18.632,18.107,18.239,6780813.0,-0.477,18.321,1.457,2.015,5.789,0,交易,3.15063050613232,9.080397022332505,374485.7237532446,0.983308286818377,0.971822670674109,1.004495860518669
2021-11-17,603777.SH,18.122,18.428,17.991,18.341,4588806.0,0.559,18.244,1.457,1.363,3.917,0,交易,4.682410007658923,13.29567131327953,255061.19726529933,0.9900151942695897,0.9762860863902756,0.9947113025462079
2021-11-18,603777.SH,18.355,18.37,18.035,18.093,4179667.0,-1.35,18.187,1.457,1.242,3.568,0,交易,5.070908071748879,14.778582930756844,231753.09121153312,0.9900381056069679,0.9817637452367991,1.0051953794285082
2021-11-19,603777.SH,18.093,18.166,17.903,18.093,3704742.0,0.0,18.019,1.457,1.101,3.163,0,交易,5.72020233955106,16.43324250681199,206934.14511534382,0.9919079599251348,0.9855224044919079,0.9959100204498976
2021-11-22,603777.SH,18.078,18.239,17.947,18.137,3524844.9999999995,0.242,18.133,1.457,1.047,3.009,0,交易,6.027583914921902,17.266475644699142,196403.02000334315,0.994188277866111,0.983990350348155,0.9997794563599272
2021-11-23,603777.SH,18.078,18.326,18.049,18.122,3269909.0,-0.08,18.138,1.457,0.972,2.791,0,交易,6.49301325689717,18.598765432098766,181168.4303839548,0.989741351085889,0.9848848630361234,1.0008829047566494
2021-11-24,603777.SH,18.209,18.574,18.18,18.53,7702982.000000001,2.251,18.428,1.457,2.289,6.576,0,交易,2.817822384428224,7.955002184359982,423706.3806380639,0.9921395499084742,0.9787875524927316,0.9944954128440366
2021-11-25,603777.SH,18.501,18.734,18.282,18.341,4862271.0,-1.022,18.455,1.457,1.445,4.151,0,交易,4.418453384726573,12.803460207612456,265959.4683295044,0.9851072915554605,0.9758727447421799,1.0062155825745596
2021-11-26,603777.SH,18.355,18.384,18.137,18.209,2963846.0,-0.715,18.211,1.457,0.881,2.53,0,交易,7.197233201581028,20.83427922814983,163414.34636378672,0.990589643167972,0.9865644038294169,1.0001098357954856
2021-11-29,603777.SH,17.947,18.093,17.67,17.976,3626160.0,-1.28,17.915,1.457,1.077,3.096,0,交易,5.8062015503875966,16.66388115134633,205215.61969439726,0.9901619410821865,0.9766207925717129,0.9966065865598576
2021-11-30,603777.SH,17.991,18.355,17.991,18.311,3695483.9999999995,1.864,18.198,1.457,1.098,3.155,0,交易,5.803803486529319,16.385245901639344,205407.37035184258,0.991446472350858,0.9801688913102696,0.9938288460488232
2021-12-01,603777.SH,18.311,18.428,18.18,18.355,3139497.0,0.239,18.305,1.457,0.933,2.68,0,交易,6.848880597014925,19.62593783494105,172689.60396039605,0.9933253744302148,0.9865422183633601,0.9972759466085535
2021-12-02,603777.SH,18.588,18.617,18.224,18.268,4948980.0,-0.476,18.407,1.457,1.47,4.225,0,交易,4.323786982248521,12.644897959183675,271563.8718173837,0.9887199871085567,0.9788902615888704,1.0076089336544778
2021-12-03,603777.SH,18.209,18.603,18.166,18.384,3864900.0,0.638,18.377,1.457,1.148,3.299,0,交易,5.572597756896029,15.861498257839722,212754.59649895408,0.9878514218136858,0.9765091651884105,0.9996192341166231
2021-12-06,603777.SH,18.355,18.442,18.049,18.151,3848760.0,-1.268,18.231,1.457,1.144,3.286,0,交易,5.523737066342057,16.04458041958042,213239.51465455152,0.988558724650255,0.9786899468604272,1.0044074706627735
2021-12-07,603777.SH,18.195,18.544,18.064,18.428,5788820.0,1.525,18.388,1.457,1.72,4.942,0,交易,3.7288547146904087,10.578488372093023,320461.6917626218,0.9915875754961174,0.9741156169111302,0.9978293900586065
2021-12-08,603777.SH,18.399,19.142,18.399,18.996,10351517.0,3.083,18.855,1.457,3.076,8.837,0,交易,2.149598279959262,5.9814694408322495,562613.0224468721,0.9850067913488664,0.9611848291714555,0.9925773847125712
2021-12-09,603777.SH,19.04,20.89,18.865,20.016,20630649.0,5.368,19.858,1.457,6.13,17.612,0,交易,1.1364978423801952,3.1060358890701467,1093593.9040551286,0.9505983724269985,0.9030636668262325,0.9921063149480417
2021-12-10,603777.SH,19.739,20.438,19.535,19.856,12657216.0,-0.801,19.902,1.457,3.761,10.805,0,交易,1.8376677464136975,5.248338207923425,647925.0575889429,0.9737743419121245,0.9558175946765829,1.0023166800966963
2021-12-13,603777.SH,19.856,20.03,19.448,19.491,8774080.0,-1.834,19.593,1.457,2.607,7.49,0,交易,2.6022696929238984,7.616417337936325,451155.9029206088,0.9781827259111332,0.9709435846230654,1.005233184546714
2021-12-14,603777.SH,19.404,21.443,19.244,21.443,19347661.0,10.015,20.902,1.457,5.749,16.517,0,交易,1.2982381788460375,3.375195686206297,1005386.66597381,0.9747703213169799,0.8974490509723452,0.9747703213169799
2021-12-15,603777.SH,21.953,23.585,21.574,22.434,54694138.0,4.62,23.037,1.457,16.251,46.691,0,交易,0.4804780364524212,1.3508707156482676,2535187.63326226,0.9767648929404281,0.9147339410642358,1.0268788446108583
2021-12-16,603777.SH,22.259,24.677,21.414,24.677,60561318.00000001,10.0,23.379,1.457,17.994,51.7,0,交易,0.477311411992263,1.237023452261865,2828117.960212945,0.9474004133403575,0.8677716091907445,0.9474004133403575
2021-12-17,603777.SH,23.308,23.993,22.215,22.478,45503271.0,-8.914,22.944,1.457,13.52,38.845,0,交易,0.578658772042734,1.72396449704142,2048312.8966914248,0.9562789146834494,0.9258950527237111,1.0207313817955332
2021-12-20,603777.SH,21.968,22.652,21.196,21.312,27471880.0,-5.185,21.772,1.457,8.163,23.452,0,交易,0.9087497867985672,2.6911674629425457,1296087.941120966,0.96115133321561,0.9357231149567368,1.021584084084084
2021-12-21,603777.SH,21.458,21.749,20.992,21.239,18462799.0,-0.342,21.273,1.457,5.486,15.761,0,交易,1.3475667787576933,3.911410864017499,879515.9584603658,0.9781139362729321,0.9651938020138858,1.0016008286642497
2021-12-22,603777.SH,21.254,21.327,20.497,20.657,18212236.0,-2.743,20.806,1.457,5.411,15.547,0,交易,1.3286807744259341,3.9279245980410282,888531.7851392886,0.975570872602804,0.9610821962770196,1.0072130512659148
2021-12-23,603777.SH,20.628,21.035,20.511,20.977,15286854.0,1.551,20.765,1.457,4.542,13.05,0,交易,1.6074329501915707,4.541611624834875,745300.2778996637,0.9871642500594248,0.9750891371523651,0.9898936930924346
2021-12-24,603777.SH,20.89,22.798,20.22,21.982,29405093.0,4.792,21.365,1.457,8.737,25.103,0,交易,0.8756722304107079,2.3909808858876045,1454257.8140454995,0.9371436090885166,0.886919905254847,0.9719315803839504
2021-12-27,603777.SH,21.764,22.084,21.123,21.735,15836844.0,-1.127,21.582,1.457,4.706,13.52,0,交易,1.6076183431952662,4.624734381640458,749744.0704445391,0.9772686107589206,0.9564843325484514,0.99296066252588
2021-12-28,603777.SH,21.633,22.245,21.385,22.026,15348129.0,1.34,21.845,1.457,4.56,13.102,0,交易,1.6811173866585254,4.744078947368421,717705.3542202478,0.982018431108114,0.9613396268824456,0.9917824389358031
2021-12-29,603777.SH,21.939,22.07,20.788,20.992,13382084.0,-4.696,21.342,1.457,3.976,11.424,0,交易,1.8375350140056024,5.517857142857143,643740.8120069271,0.9670140462165835,0.9419120978704123,1.0166730182926829
2021-12-30,603777.SH,20.73,21.647,20.613,21.065,10997995.0,0.347,21.168,1.457,3.268,9.389,0,交易,2.2435829161785072,6.343329253365973,533546.5482947654,0.9778722224788655,0.9522335658520812,1.0048896273439354
2021-12-31,603777.SH,21.108,22.58,20.948,21.822,20062860.0,3.596,21.87,1.457,5.961,17.127,0,交易,1.274128568926257,3.541016607951686,957745.8468588886,0.9685562444641277,0.9277236492471215,1.0021996150673633
2022-01-04,603777.SH,22.055,24.007,21.793,24.007,36020845.0,10.013,23.379,1.457,10.703,30.75,0,交易,0.7807154471544716,2.060637204522097,1652863.075299408,0.973840963052443,0.9077768984046319,0.973840963052443
2022-01-05,603777.SH,23.847,25.814,23.162,24.211,34888681.0,0.85,24.289,1.457,10.366,29.784,0,交易,0.8128861133494494,2.3005016399768476,1506289.6554701668,0.9409235298675138,0.8972650499728829,1.0032216760976418
2022-01-06,603777.SH,25.391,25.581,23.279,24.328,23651721.0,0.481,23.992,1.457,7.027,20.191,0,交易,1.2048932692783914,3.6133485128788956,1016011.0399931269,0.9378835854735937,0.9100113365388375,0.986188753699441
2022-01-07,603777.SH,24.401,24.575,23.308,23.701,17242240.0,-2.575,23.815,1.457,5.123,14.719,0,交易,1.6102316733473743,4.76302947491704,739756.3068474344,0.9690742624618516,0.9484435401831129,1.0048099236319143
2022-01-10,603777.SH,23.556,25.93,22.827,24.357,21878155.0,2.766,24.363,1.457,6.501,18.677,0,交易,1.3041173636022916,3.6234425473004155,958433.2150523502,0.9395680678750482,0.8803316621673738,1.000246335755635
2022-01-11,603777.SH,25.042,26.79,23.585,24.036,41508729.0,-1.316,25.706,1.457,12.333,35.435,0,交易,0.6783124029913927,2.0304873104678505,1759963.0697477208,0.9595371407241509,0.8803658081373648,1.0694791146613412
2022-01-12,603777.SH,23.658,23.658,22.274,22.58,30311156.0,-6.061,22.843,1.457,9.006,25.876,0,交易,0.8726232802597,2.6269153897401734,1360831.283110353,0.9655507650688984,0.9414997041170006,1.0116474756421612
2022-01-13,603777.SH,22.303,23.279,21.706,22.74,25683400.0,0.71,22.501,1.457,7.631,21.925,0,交易,1.0371721778791334,2.922683789804744,1183239.65723763,0.9665793204175438,0.9324283689161905,0.9894898856640283
2022-01-14,603777.SH,22.332,22.754,21.706,21.866,18659660.0,-3.844,22.122,1.457,5.544,15.929,0,交易,1.3727164291543725,4.028138528138529,859654.4734174883,0.9722246637953765,0.9539421640151181,1.0117076740144517
2022-01-17,603777.SH,21.56,22.332,21.123,22.026,15800120.000000002,0.733,21.809,1.457,4.695,13.488,0,交易,1.6330071174377225,4.592119275825346,748005.4916441793,0.9765806913845603,0.9458624395486298,0.9901480069009353
2022-01-18,603777.SH,21.924,23.352,21.458,22.929,24147943.0,4.101,22.736,1.457,7.175,20.615,0,交易,1.1122483628425903,3.055609756097561,1125358.5143070184,0.973621103117506,0.9188934566632407,0.9915827118496229
2022-01-19,603777.SH,22.915,22.915,21.793,21.982,13199979.999999998,-4.13,22.193,1.457,3.922,11.269,0,交易,1.950661105688171,5.842682304946456,605698.15995962,0.9684922539821079,0.9510364390137465,1.009598762623965
2022-01-20,603777.SH,22.113,24.182,22.113,24.182,37473763.0,10.007,23.774,1.457,11.134,31.991,0,交易,0.7559000969022537,1.9860786779234776,1694648.5325374214,0.9831279464064181,0.9144404929286246,0.9831279464064181
2022-01-21,603777.SH,24.561,25.318,23.512,24.619,40657413.0,1.807,24.498,1.457,12.08,34.708,0,交易,0.7093177365448888,2.0331953642384106,1729219.675059544,0.9676119756694842,0.9286673512915712,0.9950850968763963
2022-01-24,603777.SH,24.59,24.59,22.157,22.157,26610320.0,-10.0,23.111,1.457,7.907,22.717,0,交易,0.9753488576836731,3.1099026179334768,1200989.3036060838,0.9398535990239936,0.9010573403822693,1.0430563704472628
2022-01-25,603777.SH,22.157,22.245,20.438,20.788,21043012.0,-6.18,21.013,1.457,6.252,17.964,0,交易,1.1572032954798488,3.5439859245041587,1029602.3094236227,0.9446167678129918,0.9187682625309057,1.0108235520492592
2022-01-26,603777.SH,21.108,21.4,20.482,20.977,13284062.0,0.911,20.961,1.457,3.947,11.34,0,交易,1.8498236331569666,5.347859133519129,648572.5026852847,0.9794859813084112,0.9571028037383178,0.9992372598560327
2022-01-27,603777.SH,21.414,22.026,20.686,20.759,13095940.0,-1.042,21.41,1.457,3.891,11.18,0,交易,1.8567978533094813,5.503469545104087,633082.2778690902,0.9720330518478162,0.9391628075910288,1.031359892094995
2022-01-28,603777.SH,20.773,21.589,19.885,21.181,11959480.0,2.035,21.202,1.457,3.553,10.21,0,交易,2.0745347698334964,5.846608499859274,601432.2353532814,0.982074204455973,0.9210709157441291,1.0009914546055427
2022-02-07,603777.SH,21.181,21.662,20.467,21.341,10356800.0,0.757,21.128,1.457,3.077,8.841,0,交易,2.4138672095916753,6.883652908677283,506024.3318512728,0.9753485366078848,0.9448342719970455,0.9900192118457429
2022-02-08,603777.SH,21.152,21.691,21.006,21.531,8155160.000000001,0.887,21.479,1.457,2.423,6.962,0,交易,3.0926457914392413,8.729673957903426,388230.0295153766,0.9902263611636163,0.9684200820616846,0.9975848776183178
2022-02-09,603777.SH,21.429,21.749,21.239,21.516,8830080.0,-0.068,21.48,1.457,2.624,7.538,0,交易,2.854338020695144,8.166539634146341,415748.38740053674,0.9876316152466781,0.976550646006713,0.9983268265476856
2022-02-10,603777.SH,21.385,21.4,20.832,20.832,9100300.0,-3.182,21.004,1.457,2.704,7.769,0,交易,2.6814261809756728,7.908653846153846,436842.35791090626,0.9814953271028038,0.9734579439252338,1.0082565284178189
2022-02-11,603777.SH,20.919,20.919,18.909,18.967,18395260.0,-8.951,19.599,1.457,5.466,15.704,0,交易,1.2077814569536423,3.827113062568606,972830.9270717648,0.9368994693819016,0.9039151011042592,1.0333210312648284
2022-02-14,603777.SH,18.676,19.346,18.297,18.836,10522260.0,-0.691,19.014,1.457,3.126,8.983,0,交易,2.0968496048090834,5.974408189379398,575081.1608460404,0.9828388297322443,0.9457769047865192,1.0094499893820343
2022-02-15,603777.SH,18.253,18.748,18.107,18.37,12584180.0,-2.475,18.312,1.457,3.739,10.743,0,交易,1.7099506655496604,4.881786573950254,694989.7829568675,0.9767441860465116,0.9658096863665456,0.996842678279804
2022-02-16,603777.SH,18.268,18.544,18.151,18.384,8240022.0,0.079,18.337,1.457,2.448,7.034,0,交易,2.613591128802957,7.462418300653595,453970.69032009254,0.9888373597929249,0.9788071613459879,0.9974434290687554
2022-02-17,603777.SH,18.384,18.399,17.933,18.035,8230900.0,-1.902,18.106,1.457,2.446,7.027,0,交易,2.5665291020350076,7.515944399018806,458980.6501979591,0.9840752214794283,0.9746725365508995,1.0039367895758249
2022-02-18,603777.SH,17.976,18.166,17.772,18.151,4835820.0,0.646,18.013,1.457,1.437,4.128,0,交易,4.39704457364341,12.509394572025052,272103.308575287,0.9915776725751404,0.9783111306836947,0.992397113106716
2022-02-21,603777.SH,18.078,18.282,18.035,18.268,5722040.0,0.642,18.188,1.457,1.7,4.885,0,交易,3.7396110542476975,10.634117647058824,317274.1890767951,0.9948583305984028,0.9864894431681436,0.9956207576089335
2022-02-22,603777.SH,18.093,18.18,17.86,17.889,5992429.0,-2.073,17.964,1.457,1.78,5.116,0,交易,3.496677091477717,10.164606741573033,335522.3404255319,0.9881188118811881,0.9823982398239823,1.0041925205433506
2022-02-23,603777.SH,17.918,18.18,17.845,18.166,6364280.0,1.547,18.037,1.457,1.891,5.433,0,交易,3.3436407141542426,9.475409836065573,356642.1966937518,0.9921342134213421,0.9815731573157316,0.9928988219751183
2022-02-24,603777.SH,18.151,18.355,17.627,17.86,9876100.0,-1.684,17.998,1.457,2.934,8.431,0,交易,2.1183726722808682,6.186434901158827,560282.5211323538,0.9805502587850722,0.9603377826205393,1.0077267637178053
2022-02-25,603777.SH,17.86,18.049,17.802,17.918,4326169.0,0.326,17.922,1.457,1.285,3.693,0,交易,4.851881938803141,13.898832684824903,243015.8970902146,0.9929635990913624,0.9863150313036734,1.0002232392008037
2022-02-28,603777.SH,17.918,18.035,17.568,18.005,5257420.0,0.488,17.831,1.457,1.562,4.488,0,交易,4.011809269162209,11.471190781049936,299261.1566484517,0.9886886609370668,0.9741059051843638,0.9903360177728409
2022-03-01,603777.SH,17.991,18.574,17.933,18.428,7753460.000000001,2.346,18.325,1.457,2.304,6.619,0,交易,2.7841063604774137,7.80859375,432357.107009424,0.9865941638850004,0.9654893937762463,0.9944106794009115
2022-03-02,603777.SH,18.311,18.486,18.151,18.472,4886922.0,0.237,18.369,1.457,1.452,4.172,0,交易,4.4276126558005755,12.610881542699724,269237.06682827394,0.9936708860759493,0.9818781780807097,0.9944239930705933
2022-03-03,603777.SH,18.472,18.719,18.297,18.559,6144542.0,0.473,18.499,1.457,1.826,5.245,0,交易,3.538417540514776,10.116100766703177,335822.3752527737,0.9882472354292429,0.9774560606870025,0.9967670671911201
2022-03-04,603777.SH,18.603,18.705,18.355,18.399,4306600.0,-0.863,18.478,1.457,1.28,3.676,0,交易,5.005168661588684,14.533593750000001,234628.16671206756,0.9878642074311683,0.9812884255546647,1.0042937116147617
2022-03-07,603777.SH,18.297,18.297,17.86,18.035,4706100.0,-1.979,18.023,1.457,1.398,4.018,0,交易,4.488551518168244,13.087982832618026,263499.44008958567,0.9850248674646116,0.9761163032191069,0.999334627113945
2022-03-08,603777.SH,18.107,18.166,17.044,17.044,7091639.999999999,-5.493,17.528,1.457,2.107,6.054,0,交易,2.8153287082920384,8.593735168485997,416078.3853555503,0.9648794451172519,0.9382362655510295,1.0283970898850034
2022-03-09,603777.SH,17.044,17.233,15.879,16.694,6312162.0,-2.051,16.613,1.457,1.875,5.389,0,交易,3.0977917981072554,9.090133333333334,397516.3423389382,0.9640225149422619,0.9214298148900365,0.9951479573499461
2022-03-10,603777.SH,16.957,17.233,16.855,17.088,3803819.9999999995,2.356,17.067,1.457,1.13,3.247,0,交易,5.262704034493379,15.006194690265488,225679.02699495695,0.9903673185167992,0.978065339755121,0.9987710674157303
2022-03-11,603777.SH,16.986,17.758,16.622,17.729,6405940.0,3.751,17.425,1.457,1.903,5.469,0,交易,3.2417260925214846,8.925906463478718,385389.24317170016,0.9812478882757069,0.9360288320756842,0.9828529527892155
2022-03-14,603777.SH,17.612,17.758,17.088,17.131,4908000.0,-3.369,17.411,1.457,1.458,4.19,0,交易,4.08854415274463,12.079561042524004,287219.1011235955,0.980459511206217,0.9622705259601307,1.016344638374876
2022-03-15,603777.SH,17.059,17.059,15.937,15.981,6115780.0,-6.718,16.422,1.457,1.817,5.221,0,交易,3.0609078720551617,9.388552559163458,383747.25481583737,0.9626590069757899,0.9342282666041385,1.0275952693823915
2022-03-16,603777.SH,16.228,16.724,15.806,16.607,4852480.0,3.92,16.235,1.457,1.442,4.142,0,交易,4.009415741187832,11.253814147018032,307002.40415032266,0.970760583592442,0.945108825639799,0.9775998073101704
2022-03-17,603777.SH,16.651,17.204,16.651,16.927,4690520.0,1.93,16.966,1.457,1.394,4.004,0,交易,4.227522477522478,11.944763271162124,281695.9942345805,0.9861660079051384,0.9678563124854684,1.0023040113428252
2022-03-18,603777.SH,16.927,17.161,16.796,17.044,2588740.0,0.688,17.023,1.457,0.769,2.21,0,交易,7.712217194570136,22.011703511053316,154128.36389616577,0.9919585105763067,0.9787308431909562,0.9987678948603613
2022-03-21,603777.SH,17.073,17.525,17.0,17.423,3399360.0,2.222,17.347,1.457,1.01,2.902,0,交易,6.003790489317711,16.903960396039604,199962.35294117648,0.9898430813124109,0.9700427960057062,0.9956379498364233
2022-03-22,603777.SH,17.394,17.627,17.219,17.437,2829180.0,0.084,17.393,1.457,0.841,2.415,0,交易,7.220289855072465,20.682520808561236,164305.7088100354,0.9867249106484371,0.9768536903613776,0.9974766301542697
2022-03-23,603777.SH,17.481,17.51,17.335,17.394,2193840.0,-0.251,17.427,1.457,0.652,1.873,0,交易,9.286705819540842,26.811349693251536,126555.52350735506,0.9952598515134208,0.990005711022273,1.0018972059330804
2022-03-24,603777.SH,17.481,17.481,17.131,17.161,2257400.0,-1.34,17.233,1.457,0.671,1.927,0,交易,8.905552672548003,26.0521609538003,131772.80952658923,0.9858131685830329,0.9799782621131513,1.0041955596993182
2022-03-25,603777.SH,17.233,17.525,17.088,17.161,3012660.0,0.0,17.327,1.457,0.895,2.572,0,交易,6.672239502332816,19.254748603351956,176302.66853932582,0.9887018544935807,0.9750641940085594,1.0096730959734281
2022-03-28,603777.SH,17.292,17.452,16.825,17.408,3148240.0,1.443,17.193,1.457,0.935,2.688,0,交易,6.476190476190476,18.494117647058825,187116.79049034175,0.9851592940637176,0.9640728856291542,0.9876493566176471
2022-03-29,603777.SH,17.539,18.093,17.379,18.064,7806389.0,3.766,17.848,1.457,2.319,6.664,0,交易,2.710684273709484,7.563173781802502,449185.1660049485,0.9864588514895263,0.9605372243409054,0.9880425155004429
2022-03-30,603777.SH,17.86,18.603,17.802,18.588,9548989.0,2.903,18.218,1.457,2.837,8.152,0,交易,2.280176643768401,6.295382446246034,536399.7865408381,0.9793044132666774,0.9569424286405418,0.9800946847428448
2022-03-31,603777.SH,18.515,18.53,17.918,17.962,8836020.0,-3.37,18.185,1.457,2.625,7.543,0,交易,2.3812806575633036,7.053333333333334,493136.51077129145,0.9813815434430652,0.9669724770642201,1.0124150985413651
2022-04-01,603777.SH,17.889,18.151,17.67,17.976,3979660.0,0.081,17.939,1.457,1.182,3.397,0,交易,5.291727995289961,15.134517766497462,225221.2790039615,0.9883202027436505,0.973500082640075,0.9979417000445039
2022-04-06,603777.SH,18.064,19.302,18.064,18.865,12315740.0,4.943,18.622,1.457,3.659,10.514,0,交易,1.7942743009320905,4.936867996720416,681783.6581045173,0.9647704901046524,0.9358615687493524,0.9871190034455342
2022-04-07,603777.SH,18.763,18.763,17.831,17.933,8741660.0,-4.942,18.202,1.457,2.597,7.463,0,交易,2.402921077314753,7.224874855602619,490250.68700577645,0.9701007301604221,0.9503277727442305,1.0150002788155914
2022-04-08,603777.SH,17.918,18.093,17.627,18.093,4916480.0,0.894,17.861,1.457,1.461,4.197,0,交易,4.310936383130808,12.264202600958246,278917.56963748793,0.9871773614104903,0.9742441828331398,0.9871773614104903
2022-04-11,603777.SH,18.151,18.763,17.86,18.355,9305215.0,1.449,18.455,1.457,2.765,7.944,0,交易,2.3105488418932527,6.564556962025316,521008.6786114222,0.9835847145978787,0.9518733677983264,1.0054481067828929
2022-04-12,603777.SH,18.049,19.054,17.568,18.778,11388765.0,2.302,18.283,1.457,3.384,9.722,0,交易,1.931495577041761,5.333628841607565,648267.5887978142,0.9595360554214339,0.9220111262726988,0.973639365214613
2022-04-13,603777.SH,18.792,20.657,18.544,20.132,29080120.0,7.215,19.942,1.457,8.64,24.825,0,交易,0.8109566968781471,2.175,1568168.6798964625,0.9653870358716173,0.8977102192961224,0.9905622888933041
2022-04-14,603777.SH,20.38,20.38,19.273,19.841,21055470.0,-1.447,19.726,1.457,6.256,17.975,0,交易,1.1038108484005562,3.2576726342710995,1092485.342188554,0.967909715407262,0.9456820412168794,0.9942039211733279
2022-04-15,603777.SH,19.462,20.016,19.127,19.433,15782572.0,-2.056,19.53,1.457,4.689,13.473,0,交易,1.4423662139093,4.150565152484538,825146.2330736655,0.9757194244604318,0.9555855315747402,1.0049915092883241
2022-04-18,603777.SH,19.346,20.103,19.083,19.958,12679139.0,2.699,19.648,1.457,3.767,10.824,0,交易,1.8438654841093864,5.1356517122378555,664420.6361683174,0.977366562204646,0.9492613042829426,0.9844673815011524
2022-04-19,603777.SH,19.958,20.03,19.287,19.389,9563629.0,-2.847,19.633,1.457,2.842,8.164,0,交易,2.374938755512004,7.0225193525686125,495858.81681961945,0.9801797304043933,0.9629056415376933,1.012584455103409
2022-04-20,603777.SH,19.389,20.598,19.244,19.695,14678312.0,1.578,19.872,1.457,4.361,12.531,0,交易,1.5717021785970793,4.445998624168769,762747.4537518187,0.9647538595980193,0.9342654626662783,1.0089870525514089
2022-04-21,603777.SH,19.593,19.885,18.661,18.792,10009088.0,-4.586,19.236,1.457,2.974,8.545,0,交易,2.19918080748976,6.588096839273705,536363.9676330314,0.9673623334171486,0.9384460648730198,1.0236270753512133
2022-04-22,603777.SH,18.85,18.894,17.583,17.772,9287770.0,-5.426,17.92,1.457,2.76,7.929,0,交易,2.2413923571698824,6.829710144927537,528224.4213160439,0.9484492431459725,0.930612892981899,1.0083277065046141
2022-04-25,603777.SH,17.321,17.364,15.995,15.995,8303400.0,-10.0,16.448,1.457,2.467,7.088,0,交易,2.2566309255079005,7.021078232671261,519124.7264770241,0.9472471780695692,0.9211587191891268,1.028321350422007
2022-04-26,603777.SH,15.879,15.981,14.713,14.757,10005217.0,-7.741,15.205,1.457,2.973,8.541,0,交易,1.727783631893221,5.341069626639758,680025.6235981785,0.9514423377761091,0.9206557787372505,1.0303584739445688
2022-04-27,603777.SH,14.13,15.412,14.13,15.267,7275161.0,3.455,14.693,1.457,2.162,6.211,0,交易,2.4580582836902267,6.535615171137836,514873.38995046,0.9533480404879314,0.9168180638463534,0.9624025676295277
2022-04-28,603777.SH,15.048,16.796,14.946,16.097,12893880.0,5.439,16.18,1.457,3.831,11.007,0,交易,1.4624329971836105,3.927956147220047,862697.7117623445,0.963324601095499,0.8898547273160277,1.0051562402932221
2022-04-29,603777.SH,16.097,16.971,16.053,16.49,10928258.0,2.443,16.529,1.457,3.247,8.823,0,交易,1.86897880539499,4.957499230058517,680761.1038435183,0.9739555712686347,0.945907724942549,1.002365069739236
