trading_date,wind_code,open,high,low,close,volume,pct_chg,vwap,adj_factor,turn,free_turn,is_st,trade_status,close/free_turn,open/turn,volume/low,vwap/high,low/high,vwap/close
2021-04-02,300965.SZ,136.0,137.0,127.5,128.38,8155449.000000001,108.004,131.229,1.0,54.37,54.37,0,交易,2.361228618723561,2.5013794371896267,63964.30588235295,0.9578759124087592,0.9306569343065694,1.0221919302071976
2021-04-06,300965.SZ,116.0,122.0,113.5,116.47,5379332.0,-9.277,116.814,1.0,35.862,35.862,0,交易,3.247727399475768,3.234621605041548,47394.995594713655,0.9574918032786884,0.930327868852459,1.0029535502704559
2021-04-07,300965.SZ,116.25,126.44,116.25,121.18,4908340.0,4.044,122.105,1.0,32.722,32.722,0,交易,3.703318868039851,3.5526557056414645,42222.279569892475,0.9657149636191079,0.9194084150585258,1.0076332728172965
2021-04-08,300965.SZ,120.0,120.0,110.01,110.52,4817566.0,-8.797,115.008,1.0,32.117,32.117,0,交易,3.4411682286639476,3.7363390104928857,43792.07344786837,0.9583999999999999,0.9167500000000001,1.0406080347448425
2021-04-09,300965.SZ,105.5,109.68,101.5,103.0,4263452.0,-6.804,104.479,1.0,28.423,28.423,0,交易,3.623825774900609,3.7117827111846045,42004.45320197044,0.9525802334062727,0.9254194018964259,1.0143592233009708
2021-04-12,300965.SZ,100.05,100.77,93.99,94.24,3762890.0,-8.505,97.316,1.0,25.086,25.086,0,交易,3.7566770310133144,3.9882803157139444,40035.00372380041,0.9657239257715591,0.9327180708544209,1.032640067911715
2021-04-13,300965.SZ,93.16,95.28,91.03,92.07,2575981.0,-2.303,92.629,1.0,17.173,17.173,0,交易,5.361323007045945,5.42479473592267,28298.154454575415,0.9721767422334173,0.9553946263643996,1.00607146736179
2021-04-14,300965.SZ,92.22,93.66,91.6,92.95,1814283.0000000002,0.956,92.532,1.0,12.095,12.095,0,交易,7.684993799090533,7.624638280281108,19806.58296943232,0.9879564381806534,0.9780055519965833,0.9955029585798816
2021-04-15,300965.SZ,92.08,92.12,88.32,88.33,2371894.0,-4.97,89.826,1.0,15.813,15.813,0,交易,5.585910326946183,5.823056978435464,26855.683876811596,0.9750976986539296,0.9587494572297003,1.0169364881693648
2021-04-16,300965.SZ,88.5,90.29,87.55,89.71,1720587.0,1.562,89.263,1.0,11.471,11.471,0,交易,7.820591055705692,7.715107662801848,19652.6213592233,0.9886255399269022,0.9696533392402258,0.995017277895441
2021-04-19,300965.SZ,89.46,90.88,88.53,89.96,1602217.0,0.279,89.763,1.0,10.681,10.681,0,交易,8.422432356520925,8.375620260275255,18098.01197334237,0.9877090669014086,0.9741417253521127,0.9978101378390397
2021-04-20,300965.SZ,89.0,89.08,87.22,87.29,2208386.0,-2.968,88.01,1.0,14.723,14.723,0,交易,5.928818854852952,6.044963662297086,25319.72024764962,0.9879883251010328,0.9791198922317018,1.0082483675105969
2021-04-21,300965.SZ,86.66,86.93,83.51,83.78,2142520.0,-4.021,84.818,1.0,14.283,14.283,0,交易,5.865714485752293,6.067352797031436,25655.849598850436,0.9757045898999194,0.9606580006902105,1.0123895917880161
2021-04-22,300965.SZ,83.99,84.98,83.77,83.95,1193139.0,0.203,84.295,1.0,7.954,7.954,0,交易,10.55443801860699,10.559466934875534,14243.034499224066,0.9919392798305483,0.9857613556130853,1.0041095890410958
2021-04-23,300965.SZ,83.88,84.83,83.5,83.5,1227544.0,-0.536,84.178,1.0,8.184,8.184,0,交易,10.202834799608993,10.249266862170089,14701.125748502995,0.9923140398443947,0.9843215843451609,1.008119760479042
2021-04-26,300965.SZ,83.14,83.5,80.81,80.88,1531000.0,-3.138,81.639,1.0,10.207,10.207,0,交易,7.923973743509356,8.145390418340353,18945.675040217793,0.9777125748502994,0.9677844311377246,1.0093842729970326
2021-04-27,300965.SZ,81.03,81.97,79.11,79.31,1361837.0,-1.941,80.409,1.0,9.079,9.079,0,交易,8.735543562066306,8.924991739178322,17214.473517886487,0.9809564474807857,0.9651091862876662,1.0138570167696381
2021-04-28,300965.SZ,79.15,83.68,79.15,83.26,1848534.0,4.98,81.759,1.0,12.324,12.324,0,交易,6.755923401493022,6.422427783187278,23354.81996209728,0.977043499043977,0.9458652007648184,0.9819721354792217
2021-04-29,300965.SZ,82.43,82.98,80.0,80.03,1488196.0,-3.879,81.285,1.0,9.921,9.921,0,交易,8.066727144441085,8.308638242112691,18602.45,0.9795733911785972,0.9640877319836104,1.0156816193927276
2021-04-30,300965.SZ,80.8,81.38,77.7,77.91,1196701.0,-2.649,79.218,1.0,7.978,7.978,0,交易,9.76560541489095,10.127851591877663,15401.55727155727,0.9734332759891866,0.9547800442369133,1.0167886022333463
2021-05-06,300965.SZ,78.3,80.94,77.71,79.19,1126104.0,1.643,79.388,1.0,7.507,7.507,0,交易,10.54882110030638,10.430265085919808,14491.107965512805,0.9808253026933532,0.960093896713615,1.0025003156964265
2021-05-07,300965.SZ,79.21,79.83,78.1,79.16,922065.0,-0.038,78.877,1.0,6.147,6.147,0,交易,12.877826582072554,12.885960631202211,11806.209987195904,0.9880621320305649,0.9783289490166603,0.9964249621020718
2021-05-10,300965.SZ,79.03,79.5,77.71,77.72,960704.0000000001,-1.819,78.207,1.0,6.405,6.405,0,交易,12.134270101483215,12.33879781420765,12362.681765538544,0.9837358490566037,0.9774842767295596,1.0062660833762223
2021-05-11,300965.SZ,77.02,80.78,76.51,79.52,1227007.0,2.316,78.668,1.0,8.18,8.18,0,交易,9.72127139364303,9.41564792176039,16037.210822114756,0.9738549145828176,0.9471403812824957,0.9892857142857144
2021-05-12,300965.SZ,79.01,79.13,77.51,78.38,916048.0,-1.434,78.169,1.0,6.107,6.107,0,交易,12.834452267889306,12.937612575732766,11818.449232357114,0.9878554277770757,0.9795273600404399,0.997307986731309
2021-05-13,300965.SZ,77.7,80.77,77.5,79.0,1204954.0,0.791,79.453,1.0,8.033,8.033,0,交易,9.834432964023405,9.672600522843272,15547.793548387097,0.9836944410053239,0.9595146712888449,1.00573417721519
2021-05-14,300965.SZ,79.4,80.47,78.52,80.0,1092450.0,1.266,79.745,1.0,7.283,7.283,0,交易,10.984484415762735,10.902100782644515,13913.015792154865,0.9909904312166026,0.9757673667205169,0.9968125000000001
2021-05-17,300965.SZ,81.0,83.6,80.98,81.15,1526158.0,1.438,82.012,1.0,10.174,10.174,0,交易,7.976213878513859,7.96147041478278,18846.11015065448,0.9810047846889953,0.9686602870813398,1.0106223043746148
2021-05-18,300965.SZ,80.0,82.79,78.75,81.48,1574058.0,0.407,81.072,1.0,10.494,10.494,0,交易,7.764436821040595,7.623403849818945,19988.038095238095,0.9792487015340017,0.9512018359705278,0.9949926362297496
2021-05-19,300965.SZ,81.0,82.57,80.35,80.4,1140106.0,-1.325,81.339,1.0,7.601,7.601,0,交易,10.577555584791476,10.65649256676753,14189.247044181706,0.9850914375681241,0.9731137216906867,1.011679104477612
2021-05-20,300965.SZ,80.6,80.8,79.0,79.0,953195.0000000001,-1.741,79.489,1.0,6.355,6.355,0,交易,12.431156569630211,12.682926829268292,12065.759493670888,0.9837747524752476,0.9777227722772277,1.0061898734177215
2021-05-21,300965.SZ,78.95,79.47,77.73,77.77,786456.0,-1.557,78.336,1.0,5.243,5.243,0,交易,14.833110814419223,15.058172801831013,10117.792358162871,0.9857304643261608,0.9781049452623632,1.0072778706442074
2021-05-24,300965.SZ,77.911,78.965,77.579,78.292,568100.0,0.671,78.384,1.004,3.787,3.787,0,交易,20.673884341167152,20.573277000264063,7322.857989919953,0.9926423098841258,0.9824479199645412,1.00117508813161
2021-05-25,300965.SZ,78.212,79.798,77.82,79.155,826504.9999999999,1.103,78.988,1.004,5.51,5.51,0,交易,14.365698729582578,14.194555353901997,10620.727319455153,0.9898493696583874,0.9752124113386299,0.9978902154001642
2021-05-26,300965.SZ,79.336,81.173,78.714,80.992,1181843.0,2.321,80.319,1.004,7.879,7.879,0,交易,10.279477091001397,10.069298134281,15014.393881647484,0.9894792603451886,0.9697066758651275,0.991690537337021
2021-05-27,300965.SZ,80.47,81.464,80.32,80.5,984499.0,-0.607,80.715,1.004,6.563,6.563,0,交易,12.2657321346945,12.261161054395856,12257.208665338647,0.990805754689188,0.9859569871354217,1.0026708074534163
2021-05-28,300965.SZ,80.5,84.526,80.33,83.03,2350941.0,3.143,82.959,1.004,15.673,15.673,0,交易,5.297645632616602,5.13622152746762,29266.040084650816,0.9814613255093109,0.9503584695833235,0.9991448873901
2021-05-31,300965.SZ,83.904,83.904,82.117,83.151,1380713.0,0.145,82.954,1.004,9.205,9.205,0,交易,9.033242802824551,9.115046170559479,16813.972746203588,0.988677536231884,0.9787018497330283,0.9976308162259022
2021-06-01,300965.SZ,82.669,83.723,82.398,82.86,1067239.0,-0.35,83.02,1.004,7.115,7.115,0,交易,11.645818692902319,11.618973998594518,12952.243986504527,0.9916032631415501,0.9841740023649415,1.0019309678976587
2021-06-02,300965.SZ,82.568,82.819,80.42,80.551,1328068.0,-2.787,81.396,1.004,8.854,8.854,0,交易,9.097695956629773,9.325502597695957,16514.15070877891,0.9828179524022265,0.9710332170154191,1.0104902484140483
2021-06-03,300965.SZ,80.551,81.595,80.511,80.671,821781.0,0.15,81.011,1.004,5.479,5.479,0,交易,14.723672202956745,14.701770396057675,10207.064873122928,0.9928426986947729,0.9867148722348182,1.0042146496262596
2021-06-04,300965.SZ,80.912,81.193,79.216,79.286,957867.0,-1.717,80.049,1.004,6.386,6.386,0,交易,12.415596617601002,12.67021609771375,12091.837507574228,0.9859101154040374,0.9756506102742847,1.0096233887445452
2021-06-07,300965.SZ,79.306,80.701,79.236,79.908,644290.0,0.785,80.004,1.004,4.295,4.295,0,交易,18.60488940628638,18.464726426076833,8131.278711696703,0.9913631801340753,0.9818465694353231,1.0012013815888272
2021-06-08,300965.SZ,79.557,81.806,78.904,81.806,1329319.0,2.374,80.435,1.004,8.862,8.862,0,交易,9.23109907470097,8.977318889641165,16847.29544763257,0.9832408380803365,0.9645258294012664,0.9832408380803365
2021-06-09,300965.SZ,81.816,87.116,81.816,85.53,3001498.0,4.553,85.29,1.004,20.01,20.01,0,交易,4.2743628185907045,4.088755622188906,36685.95384765816,0.9790394416639884,0.9391615776665596,0.9971939670291127
2021-06-10,300965.SZ,84.827,85.891,83.823,84.767,1915162.0,-0.892,84.655,1.004,12.768,12.768,0,交易,6.639019423558897,6.643718671679197,22847.690967872782,0.9856096680676671,0.9759229721391064,0.998678731109984
2021-06-11,300965.SZ,84.345,85.65,82.438,82.679,1312893.0,-2.463,83.913,1.004,8.753,8.753,0,交易,9.44579001485205,9.636124757226094,15925.823042771537,0.9797197898423817,0.9624985405720957,1.0149251926123923
2021-06-15,300965.SZ,82.197,87.056,81.314,85.911,2182976.0,3.91,85.034,1.004,14.553,14.553,0,交易,5.903318903318903,5.648113790970934,26846.250338195146,0.9767735710347364,0.9340424554309869,0.9897917612412847
2021-06-16,300965.SZ,85.46,85.721,82.599,83.221,1342908.0,-3.132,83.888,1.004,8.953,8.953,0,交易,9.295320004467778,9.54540377527086,16258.162931754621,0.9786166750271229,0.9635795196042977,1.0080148039557324
2021-06-17,300965.SZ,82.719,84.988,82.719,83.793,904024.0,0.688,83.716,1.004,6.027,6.027,0,交易,13.902936784469887,13.724738675958188,10928.85552291493,0.9850331811549865,0.9733021132395161,0.9990810688243646
2021-06-18,300965.SZ,84.325,87.056,83.121,85.239,1651015.0000000002,1.725,85.685,1.004,11.007,11.007,0,交易,7.744071954210957,7.66103388752612,19862.790389913505,0.9842515162653924,0.9547992097040985,1.0052323466957613
2021-06-21,300965.SZ,85.078,89.395,85.018,88.622,2212466.0,3.969,88.094,1.004,14.75,14.75,0,交易,6.008271186440678,5.768,26023.50090569056,0.9854466133452654,0.9510375300632027,0.9940421114395973
2021-06-22,300965.SZ,88.24,91.955,86.845,90.399,2609782.0,2.005,89.232,1.004,17.399,17.399,0,交易,5.195643427783206,5.07155583654233,30051.03345040014,0.9703876896307977,0.9444293404382579,0.987090565161119
2021-06-23,300965.SZ,90.098,90.098,87.618,87.758,1673357.0,-2.921,88.461,1.004,11.156,11.156,0,交易,7.8664395840803145,8.076192183578343,19098.32454518478,0.9818308952473973,0.9724744167462096,1.0080106656942958
2021-06-24,300965.SZ,87.839,89.284,85.952,86.263,1439125.0,-1.704,87.287,1.004,9.594,9.594,0,交易,8.991348759641443,9.155618094642485,16743.356757259866,0.9776331705568747,0.9626808834729625,1.011870674564993
2021-06-25,300965.SZ,86.333,87.186,85.219,86.775,965220.9999999999,0.594,85.894,1.004,6.435,6.435,0,交易,13.484848484848486,13.416161616161617,11326.359145261033,0.9851811070584727,0.9774390383777211,0.9898473062518006
2021-06-28,300965.SZ,86.775,89.114,86.775,87.487,1297505.0,0.821,88.049,1.004,8.65,8.65,0,交易,10.114104046242774,10.031791907514451,14952.520887352348,0.9880490158673161,0.9737527212334762,1.0064238115377142
2021-06-29,300965.SZ,87.347,88.301,84.275,84.305,1385331.0,-3.637,85.491,1.004,9.236,9.236,0,交易,9.127869207449113,9.457232568211346,16438.220112726194,0.9681770308377028,0.9544059523674704,1.014067967498962
2021-06-30,300965.SZ,84.325,84.978,83.422,84.406,832650.0,0.119,84.142,1.004,5.551,5.551,0,交易,15.205548549810846,15.190956584399208,9981.18002445398,0.9901621596177834,0.9816893784273577,0.9968722602658577
2021-07-01,300965.SZ,85.329,85.65,81.936,81.976,1002270.0000000001,-2.878,83.41,1.004,6.682,6.682,0,交易,12.268183178689014,12.769979048189164,12232.352079671939,0.9738470519556333,0.9566374781085815,1.0174929247584659
2021-07-02,300965.SZ,81.816,82.307,79.406,79.507,859511.0,-3.012,80.503,1.004,5.73,5.73,0,交易,13.875567190226876,14.278534031413612,10824.257612774853,0.978082058634138,0.9647539091450302,1.0125271988629931
2021-07-05,300965.SZ,79.306,81.002,79.115,80.792,513000.0,1.616,80.248,1.004,3.42,3.42,0,交易,23.6233918128655,23.18888888888889,6484.231814447324,0.9906915878620283,0.9767042789066936,0.993266660065353
2021-07-06,300965.SZ,80.41,81.474,80.059,80.661,524133.0,-0.162,80.591,1.004,3.494,3.494,0,交易,23.085575271894676,23.013737836290783,6546.834209770294,0.9891621867098706,0.9826324962564744,0.9991321704417252
2021-07-07,300965.SZ,80.511,81.585,79.808,81.374,523506.00000000006,0.884,81.097,1.004,3.49,3.49,0,交易,23.316332378223493,23.069054441260743,6559.567963111468,0.9940185083042226,0.9782190353618927,0.9965959643129255
2021-07-08,300965.SZ,80.741,83.211,80.741,82.287,907650.0,1.123,82.282,1.004,6.051,6.051,0,交易,13.598909271194845,13.343414311684018,11241.500600686144,0.9888356106764731,0.9703164245111824,0.9999392370605319
2021-07-09,300965.SZ,81.816,82.087,80.892,81.233,685100.0,-1.281,81.342,1.004,4.567,4.567,0,交易,17.78694985767462,17.914604773374204,8469.317114176927,0.9909242632816402,0.985442274659812,1.001341819211404
2021-07-12,300965.SZ,81.314,81.504,80.099,80.872,590975.0,-0.445,80.908,1.004,3.94,3.94,0,交易,20.525888324873097,20.638071065989845,7378.057154271589,0.992687475461327,0.9827615822536317,1.0004451478880205
2021-07-13,300965.SZ,80.872,81.173,79.005,79.316,912319.0,-1.924,79.606,1.004,6.082,6.082,0,交易,13.041104899704045,13.29694179546202,11547.610910701855,0.980695551476476,0.9732916117428209,1.003656261031822
2021-07-14,300965.SZ,79.286,79.557,78.412,78.573,561713.0,-0.937,78.784,1.004,3.745,3.745,0,交易,20.98077436582109,21.171161548731643,7163.610161709942,0.9902836959664141,0.985607803210277,1.002685400837438
2021-07-15,300965.SZ,78.804,79.246,77.138,77.539,588400.0,-1.316,77.91,1.004,3.923,3.923,0,交易,19.76523069079786,20.087687993882234,7627.887681817003,0.9831411049138127,0.9733992882921537,1.0047846889952152
2021-07-16,300965.SZ,77.599,80.28,77.318,79.356,803750.0,2.343,79.233,1.004,5.358,5.358,0,交易,14.810750279955208,14.482829413960435,10395.380118471767,0.9869581464872945,0.9631041355256601,0.998450022682595
2021-07-19,300965.SZ,79.085,80.812,78.503,79.316,619125.0,-0.051,79.552,1.004,4.128,4.127,0,交易,19.21880300460383,19.158187984496124,7886.641274855738,0.9844082561995744,0.9714275107657279,1.0029754400121036
2021-07-20,300965.SZ,78.312,79.707,77.9,79.236,448118.99999999994,-0.101,78.939,1.004,2.987,2.987,0,交易,26.526950117174422,26.21760964178105,5752.490372272143,0.9903647107531334,0.9773294691808752,0.996251703771013
2021-07-21,300965.SZ,79.195,79.758,78.965,79.316,596900.0,0.101,79.291,1.004,3.979,3.979,0,交易,19.93365167127419,19.90324202060819,7559.04514658393,0.9941447879836506,0.9900574237067129,0.9996848050834636
2021-07-22,300965.SZ,79.456,79.487,77.8,77.82,678000.0,-1.886,78.176,1.004,4.52,4.52,0,交易,17.216814159292035,17.578761061946906,8714.652956298201,0.9835067369506965,0.9787764036886535,1.0045746594705733
2021-07-23,300965.SZ,77.8,78.392,74.266,75.812,1269189.0,-2.58,76.074,1.004,8.461,8.461,0,交易,8.960170192648622,9.195130599219949,17089.771901004497,0.9704306561894072,0.9473670782732934,1.0034559172690338
2021-07-26,300965.SZ,75.993,79.185,75.722,77.077,1068160.0,1.668,77.466,1.004,7.121,7.121,0,交易,10.82390113748069,10.671675326499086,14106.336335543172,0.9782913430573972,0.9562669697543725,1.0050469011507972
2021-07-27,300965.SZ,76.545,79.306,74.266,78.071,1406266.0,1.289,77.168,1.004,9.375,9.375,0,交易,8.327573333333333,8.1648,18935.529044246356,0.9730411318185258,0.9364486924066275,0.988433605307989
2021-07-28,300965.SZ,77.378,77.378,71.787,73.122,898800.0,-6.339,74.234,1.004,5.992,5.992,0,交易,12.203271028037383,12.913551401869158,12520.372769442934,0.9593682958980588,0.927744320090982,1.015207461502694
2021-07-29,300965.SZ,73.473,75.441,73.473,74.457,540531.0,1.826,74.648,1.004,3.604,3.604,0,交易,20.65954495005549,20.38651498335183,7356.865787432118,0.9894884744369772,0.973913389271086,1.002565238997005
2021-07-30,300965.SZ,73.965,74.387,72.71,73.102,757882.0,-1.82,73.345,1.004,5.053,5.053,0,交易,14.46704927765684,14.637838907579656,10423.35304634851,0.9859921760522672,0.9774557382338311,1.0033241224590297
2021-08-02,300965.SZ,73.102,75.662,72.399,75.391,832832.0,3.131,74.805,1.004,5.552,5.552,0,交易,13.579070605187322,13.166786743515852,11503.363306123012,0.9886733102482091,0.9568739922285955,0.9922271889217547
2021-08-03,300965.SZ,75.27,76.174,73.845,74.046,735656.0,-1.784,75.103,1.004,4.904,4.904,0,交易,15.099102773246331,15.348694942903752,9962.16399214571,0.9859400845432823,0.9694252632131698,1.0142749101909623
2021-08-04,300965.SZ,74.367,76.796,74.166,76.465,928316.0,3.267,76.172,1.004,6.189,6.189,0,交易,12.354984650185814,12.015996122152206,12516.732734676267,0.9918745768008749,0.9657534246575341,0.9961681815209572
2021-08-05,300965.SZ,76.093,91.754,76.083,91.754,5042832.0,19.995,85.881,1.004,33.619,33.619,0,交易,2.7292304946607575,2.263392724352301,66280.66716612122,0.9359918913616845,0.8292063561261633,0.9359918913616845
2021-08-06,300965.SZ,90.348,93.862,86.333,87.558,4141547.0,-4.573,89.244,1.004,27.61,27.61,0,交易,3.1712423035132202,3.272292647591452,47971.772091784136,0.9508001108009632,0.9197864950672264,1.0192558075789762
2021-08-09,300965.SZ,87.899,88.772,85.831,88.542,2213064.0,1.124,87.397,1.004,14.754,14.754,0,交易,6.001220008133388,5.957638606479599,25783.970826391396,0.9845108818095796,0.9668701842923444,0.9870682839782251
2021-08-10,300965.SZ,87.337,99.966,87.096,91.513,4577674.0,3.356,93.045,1.004,30.518,30.518,0,交易,2.9986565305721213,2.86181925421063,52558.94644989437,0.930766460596603,0.87125622711722,1.0167407909258794
2021-08-11,300965.SZ,91.443,93.531,88.03,88.331,2910802.0,-3.477,90.025,1.004,19.405,19.405,0,交易,4.551971141458387,4.712342179850554,33066.02294672271,0.9625151019448097,0.941185275470165,1.0191778650756813
2021-08-12,300965.SZ,88.351,88.351,85.409,87.337,1963981.0000000002,-1.125,86.734,1.004,13.093,13.093,0,交易,6.670510960054991,6.747956923546933,22995.01223524453,0.981698000022637,0.966700999422757,0.9930957097221108
2021-08-13,300965.SZ,87.417,90.86,86.443,87.969,1775415.0000000002,0.724,88.484,1.004,11.836,11.836,0,交易,7.4323251098344025,7.385687732342007,20538.562983700245,0.9738498789346246,0.9513867488443759,1.005854335049847
2021-08-16,300965.SZ,87.216,90.85,86.403,88.511,1318785.0,0.616,88.365,1.004,8.792,8.792,0,交易,10.067220200181984,9.91992720655141,15263.185306065761,0.9726472206934508,0.9510511832691251,0.998350487510027
2021-08-17,300965.SZ,89.355,97.245,88.341,91.332,3356662.9999999995,3.187,92.274,1.004,22.378,22.378,0,交易,4.081329877558316,3.9929841808919475,37996.660667187374,0.9488816905753509,0.9084374517970074,1.010314019182762
2021-08-18,300965.SZ,91.342,94.886,89.144,90.901,2697211.0,-0.473,91.922,1.004,17.981,17.981,0,交易,5.05539180245815,5.079917690895945,30256.78677196446,0.9687625150180217,0.9394852770693254,1.0112319996479686
2021-08-19,300965.SZ,90.348,90.348,85.841,86.333,2117482.0,-5.025,87.573,1.004,14.117,14.117,0,交易,6.115534461996174,6.399943330735992,24667.489894106548,0.9692854296719351,0.95011511046177,1.0143629898184934
2021-08-20,300965.SZ,85.781,88.07,84.576,86.755,1410637.0,0.488,86.161,1.004,9.404,9.404,0,交易,9.225329646958741,9.121756699276904,16678.927828225504,0.9783240604064949,0.9603270126036108,0.9931531323843007
2021-08-23,300965.SZ,86.755,90.8,86.634,90.539,1708027.0,4.362,89.647,1.004,11.387,11.387,0,交易,7.951084570123825,7.6187757969614465,19715.43504859524,0.9873017621145376,0.9541189427312776,0.9901478920686113
2021-08-24,300965.SZ,90.047,90.047,86.935,89.345,1405138.0,-1.319,88.56,1.004,9.368,9.368,0,交易,9.537254483347565,9.612190435525191,16163.08736412262,0.9834864015458594,0.9654402700811798,0.9912138340142146
2021-08-25,300965.SZ,89.314,91.342,86.333,87.658,1346119.0,-1.888,88.045,1.004,8.974,8.974,0,交易,9.76799643414308,9.952529529752617,15592.172170548922,0.9639048849379256,0.9451621378993235,1.0044148851217232
2021-08-26,300965.SZ,86.634,91.252,86.634,90.248,1786193.0,2.955,89.558,1.004,11.908,11.908,0,交易,7.578770574403763,7.275277124622103,20617.69051411686,0.981436023320037,0.949392890018849,0.992354401205567
2021-08-27,300965.SZ,85.128,85.128,74.919,76.294,3221194.0,-15.462,77.804,1.004,21.475,21.475,0,交易,3.5526891734575083,3.9640512223515714,42995.688677104605,0.9139648529273565,0.8800747110234001,1.0197918578131964
2021-08-30,300965.SZ,75.582,76.947,73.283,73.955,1820341.0,-3.066,74.995,1.004,12.136,12.136,0,交易,6.093852999340805,6.227916941331575,24839.881009238157,0.974631889482371,0.9523828089464177,1.014062605638564
2021-08-31,300965.SZ,73.885,75.28,72.168,74.387,1242267.0,0.584,73.404,1.004,8.282,8.282,0,交易,8.981767688964018,8.921154310553007,17213.54339873628,0.9750797024442083,0.9586609989373008,0.9867853253928778
2021-09-01,300965.SZ,74.276,74.367,72.078,73.463,899082.0,-1.242,73.259,1.004,5.994,5.994,0,交易,12.256089422756089,12.391725058391724,12473.736785149422,0.9851009184181155,0.9692202186453669,0.9972230918966011
2021-09-02,300965.SZ,73.283,75.16,73.263,73.995,735200.0,0.724,74.14,1.004,4.901,4.901,0,交易,15.097939196082434,14.952662721893493,10035.079098590011,0.9864289515699841,0.9747605109100587,1.0019595918643152
2021-09-03,300965.SZ,74.788,74.788,72.961,73.433,781395.0,-0.76,73.646,1.004,5.209,5.209,0,交易,14.097331541562681,14.357458245344596,10709.762749962309,0.9847301706156069,0.9755709472107825,1.0029006032710088
2021-09-06,300965.SZ,73.443,74.367,72.951,74.066,621900.0,0.861,73.606,1.004,4.146,4.146,0,交易,17.864447660395562,17.714182344428366,8524.90027552741,0.9897669665308536,0.9809592964621403,0.9937893230362108
2021-09-07,300965.SZ,73.905,74.718,73.544,74.266,714679.0,0.271,74.343,1.004,4.765,4.765,0,交易,15.585729275970621,15.509968520461701,9717.706407048841,0.99498112904521,0.9842875879975373,1.0010368136159211
2021-09-08,300965.SZ,75.19,75.843,74.287,75.722,1028598.0,1.96,75.12,1.004,6.857,6.857,0,交易,11.043021729619365,10.965436779932915,13846.271891448032,0.9904671492425141,0.9794839339161162,0.9920498666173636
2021-09-09,300965.SZ,75.491,76.144,74.297,75.832,868600.0,0.146,75.078,1.004,5.791,5.791,0,交易,13.094802279399065,13.03591780348817,11690.916187733017,0.9860002101281782,0.9757433284303424,0.990056968034603
2021-09-10,300965.SZ,75.441,75.712,74.367,74.598,625877.0,-1.628,74.802,1.004,4.173,4.173,0,交易,17.876347951114305,18.078360891445005,8416.058197856575,0.9879807692307693,0.982235312764159,1.0027346577656238
2021-09-13,300965.SZ,74.487,74.487,73.102,73.273,593861.0,-1.776,73.534,1.004,3.959,3.959,0,交易,18.507956554685524,18.814599646375346,8123.731224863888,0.9872058211499994,0.9814061514089708,1.0035620214813097
2021-09-14,300965.SZ,73.323,74.226,73.062,73.212,500700.0,-0.082,73.536,1.004,3.338,3.338,0,交易,21.932893948472138,21.96614739364889,6853.083682351975,0.9907040659607146,0.9843181634467707,1.004425504015735
2021-09-15,300965.SZ,73.243,73.534,72.148,72.71,569200.0,-0.686,72.469,1.004,3.795,3.795,0,交易,19.15942028985507,19.299868247694334,7889.33858180407,0.9855169037452062,0.9811515761416486,0.9966854627974144
2021-09-16,300965.SZ,72.68,73.654,72.299,72.791,547513.0,0.11,72.911,1.004,3.65,3.65,0,交易,19.942739726027398,19.91232876712329,7572.898656966209,0.9899122926113993,0.9816031715860647,1.0016485554532841
2021-09-17,300965.SZ,72.941,73.985,71.476,71.978,626287.0,-1.117,72.42,1.004,4.175,4.175,0,交易,17.240239520958085,17.470898203592817,8762.199899266887,0.9788470635939718,0.9660877204838819,1.0061407652338215
2021-09-22,300965.SZ,71.275,71.275,69.98,70.191,610100.0,-2.483,70.452,1.004,4.067,4.067,0,交易,17.258667322350625,17.525202852225227,8718.205201486138,0.9884531743247982,0.9818309365135041,1.003718425439159
2021-09-23,300965.SZ,71.255,71.375,70.271,70.914,375600.0,1.03,70.838,1.004,2.504,2.504,0,交易,28.320287539936103,28.456469648562297,5345.021417085284,0.9924763572679509,0.9845323992994747,0.9989282793242518
2021-09-24,300965.SZ,70.733,70.743,70.251,70.321,378242.0,-0.835,70.415,1.004,2.522,2.522,0,交易,27.88302934179223,28.046391752577325,5384.151115286615,0.9953634988620784,0.9930452482931175,1.0013367272934117
2021-09-27,300965.SZ,70.552,70.763,67.561,68.012,630100.0,-3.283,68.898,1.004,4.201,4.201,0,交易,16.18947869554868,16.794096643656275,9326.386524770207,0.9736444186933848,0.9547503638907339,1.013027112862436
2021-09-28,300965.SZ,68.073,69.187,68.073,68.805,264300.0,1.166,68.547,1.004,1.762,1.762,0,交易,39.04937570942111,38.63393870601589,3882.596624212243,0.990749707314958,0.9838987092950987,0.9962502725092651
2021-09-29,300965.SZ,68.625,68.625,65.051,65.051,738442.0,-5.457,66.079,1.004,4.923,4.923,0,交易,13.213690838919359,13.939670932358318,11351.739404467264,0.9628998178506374,0.9479198542805101,1.0158029853499562
2021-09-30,300965.SZ,65.071,66.045,65.071,65.503,287519.0,0.694,65.652,1.004,1.917,1.917,0,交易,34.16953573291602,33.944183620239954,4418.542822455472,0.9940495116965705,0.9852524793701264,1.0022747049753447
2021-10-08,300965.SZ,65.824,66.527,65.824,66.175,267179.0,1.027,66.152,1.004,1.781,1.781,0,交易,37.15609208309938,36.95901179112858,4058.99064171123,0.9943631908849039,0.9894328618455664,0.999652436720816
2021-10-11,300965.SZ,66.165,68.715,66.165,67.46,508677.00000000006,1.942,67.678,1.004,3.391,3.391,0,交易,19.893836626363903,19.511943379534063,7688.007254590796,0.9849086807829439,0.9628901986465838,1.0032315446190336
2021-10-12,300965.SZ,67.059,67.069,65.954,66.416,311177.0,-1.548,66.301,1.004,2.075,2.075,0,交易,32.00771084337349,32.31759036144578,4718.091397034297,0.9885491061444184,0.983375329884149,0.9982684895205975
2021-10-13,300965.SZ,66.436,68.263,65.934,68.133,432033.0,2.585,67.561,1.004,2.88,2.88,0,交易,23.657291666666666,23.06805555555556,6552.507052507052,0.9897162445248524,0.9658819565504005,0.9916046556000765
2021-10-14,300965.SZ,68.123,69.127,67.922,68.574,345986.0,0.648,68.704,1.004,2.307,2.307,0,交易,29.724317295188555,29.52882531426095,5093.87238302759,0.9938808280411416,0.982568316287413,1.001895762242249
2021-10-15,300965.SZ,68.595,68.946,67.29,67.38,336100.0,-1.742,67.617,1.004,2.241,2.241,0,交易,30.0669344042838,30.609103078982596,4994.798632783474,0.9807240449047081,0.9759812026803587,1.0035173642030277
2021-10-18,300965.SZ,67.38,67.741,67.059,67.581,249279.0,0.298,67.423,1.004,1.662,1.662,0,交易,40.66245487364621,40.541516245487365,3717.3086386614773,0.9953056494589687,0.989932241921436,0.9976620647815214
2021-10-19,300965.SZ,67.33,67.46,66.928,66.928,253171.99999999997,-0.966,67.086,1.004,1.688,1.688,0,交易,39.649289099526065,39.88744075829384,3782.751613674396,0.9944559739104656,0.9921138452416247,1.0023607458761654
2021-10-20,300965.SZ,66.928,67.41,66.657,66.798,205700.0,-0.195,67.023,1.004,1.371,1.371,0,交易,48.72210065645514,48.816921954777534,3085.9474623820456,0.9942590120160214,0.9888295505117936,1.003368364322285
2021-10-21,300965.SZ,66.818,67.018,64.88,65.101,433360.00000000006,-2.54,65.489,1.004,2.889,2.889,0,交易,22.534094842506057,23.128418137763934,6679.408138101111,0.9771852338177803,0.9680981228923572,1.0059599698929356
2021-10-22,300965.SZ,65.693,65.693,64.559,64.649,247323.0,-0.694,65.189,1.004,1.649,1.649,0,交易,39.20497271073378,39.83808368708308,3830.9608265307706,0.992327949705448,0.9827378868372582,1.0083527974137263
2021-10-25,300965.SZ,64.619,66.496,63.746,65.764,345900.0,1.724,65.298,1.004,2.306,2.306,0,交易,28.518647007805722,28.022116218560278,5426.222821824114,0.9819838787295477,0.9586441289701637,0.9929140563226082
2021-10-26,300965.SZ,65.282,65.764,64.79,65.031,318200.0,-1.114,65.2,1.004,2.121,2.121,0,交易,30.660537482319665,30.778877887788777,4911.25173637907,0.9914238793260751,0.985189465360988,1.0025987605911026
2021-10-27,300965.SZ,65.974,67.751,65.101,65.141,431500.0,0.17,66.026,1.004,2.877,2.877,0,交易,22.64198818213417,22.931525895029548,6628.162393818836,0.9745391211937829,0.9608861861817537,1.0135859136335026
2021-10-28,300965.SZ,64.248,64.248,61.889,61.939,490200.0,-4.916,62.535,1.004,3.268,3.268,0,交易,18.953182374541004,19.659730722154226,7920.632099403771,0.973337691445648,0.9632829037479765,1.0096223703966805
2021-10-29,300965.SZ,61.949,62.963,61.899,62.581,268500.0,1.037,62.586,1.004,1.79,1.79,0,交易,34.961452513966485,34.60837988826815,4337.711433141085,0.9940123564633196,0.9831011864110668,1.0000798964541953
2021-11-01,300965.SZ,62.581,64.147,62.371,63.876,330900.0,2.069,63.62,1.004,2.206,2.206,0,交易,28.955575702629194,28.36854034451496,5305.350242901348,0.9917844949880742,0.9723135922178745,0.9959922349552257
2021-11-02,300965.SZ,64.248,70.271,64.127,69.287,1800893.0,8.471,68.286,1.004,12.006,12.006,0,交易,5.771031151091122,5.351324337831085,28083.225474449144,0.971752216419291,0.9125670618035889,0.985552845411116
2021-11-03,300965.SZ,67.31,68.143,66.456,67.51,979660.0,-2.564,67.263,1.004,6.531,6.531,0,交易,10.336854999234422,10.306231817485838,14741.483086553508,0.987085980951822,0.9752432384837768,0.9963412827729226
2021-11-04,300965.SZ,67.33,68.344,66.256,68.193,694635.0,1.011,67.541,1.004,4.631,4.631,0,交易,14.72532930252645,14.53897646296696,10484.107099734363,0.9882506145382185,0.9694486714268993,0.9904389013535113
2021-11-05,300965.SZ,67.791,68.866,67.38,67.44,555709.0,-1.104,68.138,1.004,3.705,3.705,0,交易,18.20242914979757,18.297165991902833,8247.387948946276,0.9894287456800164,0.9784218627479452,1.0103499406880192
2021-11-08,300965.SZ,67.209,68.926,65.804,68.243,580960.0,1.191,67.364,1.004,3.873,3.873,0,交易,17.620191066356828,17.353214562354765,8828.642635706035,0.9773380146824131,0.9547050459913531,0.98711955804991
2021-11-09,300965.SZ,68.534,70.171,67.942,69.267,747913.0,1.5,69.181,1.004,4.986,4.986,0,交易,13.892298435619734,13.745286803048538,11008.109858408643,0.9858916076441834,0.9682347408473584,0.998758427534035
2021-11-10,300965.SZ,69.267,70.833,68.805,69.568,669429.0,0.435,69.552,1.004,4.463,4.463,0,交易,15.587721263723951,15.520277840017924,9729.365598430346,0.9819152090127484,0.971369277031892,0.9997700091996321
2021-11-11,300965.SZ,69.086,70.231,68.745,69.317,604950.0,-0.361,69.475,1.004,4.033,4.033,0,交易,17.187453508554423,17.13017604760724,8799.912720925158,0.9892355227748431,0.978841252438382,1.002279383123909
2021-11-12,300965.SZ,69.94,72.771,69.388,71.867,1101487.0,3.678,71.491,1.004,7.343,7.343,0,交易,9.787144218984068,9.524717417949066,15874.315443592552,0.9824105756413956,0.9535117010897198,0.9947681133204391
2021-11-15,300965.SZ,71.867,72.379,70.964,71.526,745545.0,-0.475,71.43,1.004,4.97,4.97,0,交易,14.391549295774649,14.46016096579477,10505.96076884054,0.9868884621229915,0.9804501305627322,0.9986578307188996
2021-11-16,300965.SZ,71.054,71.486,68.364,68.374,872787.0000000001,-4.407,69.769,1.004,5.819,5.819,0,交易,11.750128888125106,12.210689121842242,12766.763208706338,0.9759813110259352,0.956327113001147,1.0204024921753885
2021-11-17,300965.SZ,68.283,70.231,68.263,69.789,491826.0,2.07,69.507,1.004,3.279,3.279,0,交易,21.2836230558097,20.82433668801464,7204.8694021651545,0.9896911620224689,0.9719781862710201,0.9959592485921851
2021-11-18,300965.SZ,69.468,71.817,69.468,71.124,874662.0000000001,1.913,71.0,1.004,5.831,5.831,0,交易,12.197564740181786,11.913565426170468,12590.861979616515,0.9886238634306641,0.9672918668281885,0.9982565659974131
2021-11-19,300965.SZ,71.074,71.556,70.301,70.602,558910.0,-0.734,70.708,1.004,3.726,3.726,0,交易,18.948470209339774,19.075147611379496,7950.242528555781,0.9881491419307955,0.9824612890603165,1.0015013738987564
2021-11-22,300965.SZ,70.653,70.773,69.649,70.653,518718.0,0.071,70.315,1.004,3.458,3.458,0,交易,20.43175245806825,20.43175245806825,7447.601544889374,0.9935286055416613,0.9841182371808459,0.9952160559353459
2021-11-23,300965.SZ,70.663,71.717,70.05,71.415,737926.0,1.08,71.025,1.004,4.92,4.92,0,交易,14.515243902439027,14.362398373983739,10534.27551748751,0.9903509628121646,0.9767558598379742,0.9945389624028566
2021-11-24,300965.SZ,71.476,75.592,71.355,75.381,1992678.0,5.552,73.624,1.004,13.285,13.285,0,交易,5.674143771170493,5.380203236733157,27926.256043725036,0.9739654989946026,0.9439490951423432,0.9766917392977009
2021-11-25,300965.SZ,75.17,83.01,74.969,77.84,2975211.0,3.263,78.684,1.004,19.835,19.835,0,交易,3.9243761028485,3.78976556591883,39685.883498512725,0.9478857968919406,0.9031321527526803,1.0108427543679341
2021-11-26,300965.SZ,77.208,78.182,74.096,74.357,1684977.0,-4.475,75.165,1.004,11.233,11.233,0,交易,6.619513932164159,6.873319683076649,22740.458324335996,0.9614105548591748,0.9477373308434167,1.0108664954207405
2021-11-29,300965.SZ,72.781,74.748,71.787,73.534,1482070.0,-1.107,73.25,1.004,9.88,9.88,0,交易,7.442712550607287,7.366497975708502,20645.38147575466,0.9799593300155187,0.9603868999839461,0.9961378409987216
2021-11-30,300965.SZ,73.534,75.13,73.082,73.785,973389.0,0.341,74.268,1.004,6.489,6.489,0,交易,11.370781322237633,11.332100477731547,13319.134670643936,0.9885265539731133,0.9727405829894848,1.0065460459442976
2021-12-01,300965.SZ,73.283,74.507,72.881,74.287,653000.0,0.68,73.817,1.004,4.353,4.353,0,交易,17.06570181484034,16.835056283023203,8959.811199077949,0.9907391251828686,0.9781765471700645,0.9936731864256194
2021-12-02,300965.SZ,73.785,74.287,71.395,71.395,958400.0,-3.892,72.49,1.004,6.389,6.389,0,交易,11.174675223039598,11.548755673814368,13423.909237341551,0.9758100340571028,0.961069904559344,1.0153372084879893
2021-12-03,300965.SZ,71.415,73.785,71.275,72.339,657762.0,1.322,72.777,1.004,4.385,4.385,0,交易,16.49692132269099,16.286202964652226,9228.509294984215,0.9863386867249442,0.9659822457138986,1.006054825198026
2021-12-06,300965.SZ,72.289,72.339,69.88,69.88,676700.0,-3.4,70.862,1.004,4.511,4.511,0,交易,15.491021946353356,16.025049878075816,9683.743560389239,0.9795822447089398,0.9660072713197583,1.0140526617057812
2021-12-07,300965.SZ,69.91,70.753,67.671,67.771,676156.0,-3.017,68.74,1.004,4.508,4.508,0,交易,15.033496007098492,15.507985803016858,9991.813332151141,0.9715489095868726,0.9564400096109,1.014298151126588
2021-12-08,300965.SZ,67.771,69.578,67.771,69.056,372909.0,1.896,68.978,1.004,2.486,2.486,0,交易,27.777956556717616,27.261061946902654,5502.486314205191,0.9913765845525884,0.9740291471442122,0.9988704819277108
2021-12-09,300965.SZ,69.046,69.659,68.675,69.257,421480.0,0.291,69.283,1.004,2.81,2.81,0,交易,24.646619217081852,24.57153024911032,6137.313432835821,0.9946022768055814,0.9858740435550323,1.0003754133156215
2021-12-10,300965.SZ,69.177,69.508,68.364,69.036,388214.0,-0.319,68.985,1.004,2.588,2.588,0,交易,26.675425038639876,26.729907264296756,5678.632028553039,0.9924756862519423,0.9835414628531969,0.9992612549973926
2021-12-13,300965.SZ,69.468,70.06,68.735,69.93,392400.0,1.294,69.419,1.004,2.616,2.616,0,交易,26.73165137614679,26.555045871559635,5708.881937877355,0.9908506994005137,0.9810876391664287,0.9926926926926926
2021-12-14,300965.SZ,69.92,71.195,69.458,71.134,546030.0,1.723,70.655,1.004,3.64,3.64,0,交易,19.54230769230769,19.208791208791208,7861.297474732933,0.9924151976964676,0.9756022192569703,0.9932662299322406
2021-12-15,300965.SZ,71.024,71.566,70.12,70.141,433264.99999999994,-1.397,70.793,1.004,2.888,2.888,0,交易,24.28704986149585,24.59279778393352,6178.907586993724,0.9891987815443088,0.979794874661152,1.009295561796952
2021-12-16,300965.SZ,70.151,72.349,70.151,71.265,549596.0,1.603,71.481,1.004,3.664,3.664,0,交易,19.450054585152838,19.146015283842793,7834.471354649257,0.9880025985155287,0.9696194833377102,1.0030309408545568
2021-12-17,300965.SZ,71.636,71.877,70.151,70.161,481796.0,-1.55,70.473,1.004,3.212,3.212,0,交易,21.843399750933997,22.30261519302615,6867.984775698137,0.9804666304937603,0.9759867551511611,1.0044469149527515
2021-12-20,300965.SZ,69.659,69.789,68.012,68.253,474200.0,-2.719,68.839,1.004,3.161,3.161,0,交易,21.59221765264157,22.0370136032901,6972.299006057754,0.9863875395836019,0.974537534568485,1.0085857031925336
2021-12-21,300965.SZ,68.273,69.026,68.263,68.946,308900.0,1.015,68.737,1.004,2.059,2.059,0,交易,33.485186983972795,33.15832928606119,4525.145393551411,0.995813171848289,0.9889461941876975,0.9969686421257216
2021-12-22,300965.SZ,68.906,69.518,68.404,69.147,245500.0,0.291,69.164,1.004,1.637,1.637,0,交易,42.240073304825906,42.092852779474654,3588.9714051809838,0.9949077936649501,0.9839753732846168,1.0002458530377312
2021-12-23,300965.SZ,68.966,69.147,67.781,67.912,371776.0,-1.786,68.45,1.004,2.479,2.479,0,交易,27.39491730536507,27.820088745461877,5484.958911789439,0.9899200254530204,0.9802449853211275,1.0079220167275298
2021-12-24,300965.SZ,67.862,68.063,65.633,66.256,529003.0,-2.439,66.504,1.004,3.527,3.527,0,交易,18.78537000283527,19.240714488233625,8060.015540962626,0.9770947504517874,0.964297782936397,1.0037430572325525
2021-12-27,300965.SZ,66.155,66.757,65.844,66.426,225400.0,0.258,66.342,1.004,1.503,1.503,0,交易,44.19560878243514,44.01530272787758,3423.242816353806,0.99378342346121,0.986323531614662,0.9987354349200613
2021-12-28,300965.SZ,66.496,67.832,66.336,67.008,227100.0,0.877,66.889,1.004,1.514,1.514,0,交易,44.258916776750326,43.920739762219284,3423.480463096961,0.9860980068404294,0.977945512442505,0.9982240926456543
2021-12-29,300965.SZ,66.436,68.655,66.436,68.464,409633.0,2.172,67.94,1.004,2.731,2.731,0,交易,25.069205419260346,24.32662028560967,6165.828767535672,0.9895856092054475,0.9676789745830603,0.992346342603412
2021-12-30,300965.SZ,67.932,69.659,67.872,69.006,408857.0,0.792,68.995,1.004,2.726,2.726,0,交易,25.314013206162876,24.920029347028613,6023.942126355492,0.9904678505290055,0.9743464591797183,0.9998405935715735
2021-12-31,300965.SZ,69.006,69.448,68.695,68.926,246476.00000000003,-0.116,69.046,1.004,1.643,1.643,0,交易,41.95130858186245,42.0,3587.9758352136264,0.994211496371386,0.9891573551434166,1.00174099759162
2022-01-04,300965.SZ,68.926,69.639,68.685,69.327,279900.0,0.583,69.263,1.004,1.866,1.866,0,交易,37.15273311897106,36.937834941050376,4075.1255732692725,0.9946007266043454,0.9863007797354931,0.9990768387496936
2022-01-05,300965.SZ,69.478,69.849,67.771,68.123,379500.0,-1.738,68.535,1.004,2.53,2.53,0,交易,26.926086956521743,27.461660079051384,5599.740301899043,0.9811879912382424,0.9702501109536285,1.0060478839745752
2022-01-06,300965.SZ,68.123,68.825,67.761,68.514,223600.0,0.575,68.371,1.004,1.491,1.491,0,交易,45.95171026156941,45.689470154258885,3299.8332374079487,0.9934035597529967,0.9845405012713403,0.9979128353329246
2022-01-07,300965.SZ,68.564,68.785,67.079,67.079,348300.0,-2.095,67.842,1.004,2.322,2.322,0,交易,28.888458225667524,29.527993109388454,5192.385098167832,0.9862906156865596,0.9751980809769571,1.0113746478033365
2022-01-10,300965.SZ,67.089,67.842,66.256,67.47,263600.0,0.584,67.175,1.004,1.757,1.757,0,交易,38.400682982356294,38.18383608423449,3978.5076068582466,0.9901683323015241,0.9766221514695911,0.9956276863791315
2022-01-11,300965.SZ,67.832,68.002,66.768,67.018,266500.0,-0.67,67.299,1.004,1.777,1.777,0,交易,37.71412492965673,38.172200337647716,3991.4330218068535,0.9896620687626836,0.9818534748977972,1.0041929033990868
2022-01-12,300965.SZ,66.918,67.751,66.918,67.671,256400.0,0.974,67.556,1.004,1.709,1.709,0,交易,39.59684025746051,39.1562317144529,3831.5550375085922,0.9971218137001667,0.9877049785243023,0.9983006014393165
2022-01-13,300965.SZ,67.952,68.605,67.259,67.591,291600.0,-0.119,67.762,1.004,1.944,1.944,0,交易,34.7690329218107,34.95473251028807,4335.479266715235,0.9877122658698345,0.9803804387435318,1.0025299226228346
2022-01-14,300965.SZ,67.079,67.972,66.657,66.717,319716.0,-1.292,67.241,1.004,2.131,2.131,0,交易,31.307836696386676,31.477709995307368,4796.435483145056,0.9892455717059967,0.9806537986229624,1.0078540701770164
2022-01-17,300965.SZ,66.747,68.424,66.737,68.293,355615.0,2.362,67.922,1.004,2.371,2.371,0,交易,28.803458456347535,28.15141290594686,5328.603323493715,0.9926633929615338,0.9753449082193381,0.9945675252222042
2022-01-18,300965.SZ,68.464,68.665,67.159,67.259,338800.0,-1.514,67.5,1.004,2.259,2.259,0,交易,29.77379371403276,30.30721558211598,5044.744561413958,0.9830335687759411,0.9780674288210879,1.0035831635914896
2022-01-19,300965.SZ,66.838,67.48,66.838,66.858,218100.0,-0.597,67.064,1.004,1.454,1.454,0,交易,45.98211829436039,45.968363136176066,3263.1137975403217,0.9938352104327206,0.9904860699466507,1.0030811570791827
2022-01-20,300965.SZ,66.858,67.209,64.429,64.449,449091.0,-3.604,65.392,1.004,2.994,2.994,0,交易,21.526052104208414,22.33066132264529,6970.323922457278,0.9729649302920739,0.9586364921364698,1.0146317243091436
2022-01-21,300965.SZ,64.469,64.499,63.425,63.425,224700.0,-1.589,63.735,1.004,1.498,1.498,0,交易,42.33978638184246,43.03671562082776,3542.767047694127,0.9881548551140329,0.9833485790477372,1.0048876625936145
2022-01-24,300965.SZ,63.294,64.127,63.144,63.455,150000.0,0.047,63.681,1.004,1.0,1.0,0,交易,63.455,63.294,2375.522614975295,0.9930450512264725,0.9846710433982566,1.0035615790717831
2022-01-25,300965.SZ,63.475,66.717,63.475,63.595,589291.0,0.221,65.434,1.004,3.929,3.929,0,交易,16.18605243064393,16.155510307966406,9283.82827884994,0.980769519013145,0.9514066879505974,1.0289173677175878
2022-01-26,300965.SZ,63.224,63.405,61.738,62.19,468191.0,-2.21,62.295,1.004,3.121,3.121,0,交易,19.92630567125921,20.2576097404678,7583.514205189673,0.9824934942039272,0.9737086980522041,1.0016883743367102
2022-01-27,300965.SZ,62.21,62.24,60.062,60.092,410895.0,-3.374,60.936,1.004,2.739,2.739,0,交易,21.93939393939394,22.712668857247174,6841.180779860811,0.9790488431876606,0.9650064267352184,1.014045130799441
2022-01-28,300965.SZ,60.182,61.196,59.781,60.784,255800.0,1.153,60.738,1.004,1.705,1.705,0,交易,35.650439882697945,35.297360703812316,4278.951506331443,0.9925158507091967,0.9768775736976273,0.9992432219005002
2022-02-07,300965.SZ,62.23,62.23,61.256,61.347,131800.0,0.925,61.435,1.004,0.879,0.879,0,交易,69.79180887372014,70.79635949943116,2151.6259631709545,0.9872248111843164,0.9843483850233007,1.0014344629729246
2022-02-08,300965.SZ,61.347,62.541,61.236,62.17,199374.0,1.342,61.983,1.004,1.329,1.329,0,交易,46.779533483822426,46.160270880361175,3255.8299039780522,0.9910778529284789,0.9791336883004749,0.9969921183850731
2022-02-09,300965.SZ,61.859,63.093,61.828,63.093,202891.0,1.486,62.686,1.004,1.353,1.353,0,交易,46.631929046563194,45.71988174427199,3281.539108494533,0.9935492051416163,0.9799502321969157,0.9935492051416163
2022-02-10,300965.SZ,63.043,63.374,62.501,63.144,190695.0,0.08,62.984,1.004,1.271,1.271,0,交易,49.680566483084185,49.60110149488592,3051.0711828610742,0.9938460567425127,0.9862246347082398,0.9974661092106931
2022-02-11,300965.SZ,62.913,63.134,61.738,61.748,220491.0,-2.21,62.181,1.004,1.47,1.47,0,交易,42.005442176870744,42.79795918367347,3571.3984903948945,0.984905122437989,0.9778883010739062,1.0070123728703764
2022-02-14,300965.SZ,61.748,63.746,61.748,62.893,323169.0,1.853,63.079,1.004,2.154,2.154,0,交易,29.198235840297123,28.666666666666668,5233.67558463432,0.9895365983748,0.968656856900825,1.002957403844625
2022-02-15,300965.SZ,62.832,63.184,62.391,62.953,186400.0,0.096,62.777,1.004,1.243,1.243,0,交易,50.64601769911504,50.54867256637168,2987.610392524563,0.9935584958217271,0.9874493542669031,0.9972042634981653
2022-02-16,300965.SZ,62.943,63.395,62.24,63.063,211800.0,0.175,62.848,1.004,1.412,1.412,0,交易,44.66218130311615,44.5771954674221,3402.956298200514,0.9913715592712359,0.9817808975471252,0.9965907108764251
2022-02-17,300965.SZ,62.742,64.659,62.742,64.097,414800.0,1.64,63.85,1.004,2.765,2.765,0,交易,23.18155515370705,22.69150090415913,6611.201428070512,0.9874882073647906,0.9703521551524148,0.9961464655132066
2022-02-18,300965.SZ,63.836,63.836,62.642,63.254,206000.0,-1.316,63.05,1.004,1.373,1.373,0,交易,46.06991988346686,46.493809176984705,3288.5284633313113,0.9876871984460179,0.9812958205401342,0.9967749075157302
2022-02-21,300965.SZ,63.545,63.987,63.264,63.796,214500.0,0.857,63.657,1.004,1.43,1.43,0,交易,44.612587412587416,44.43706293706294,3390.553869499241,0.9948427024239298,0.9887008298560646,0.997821180011286
2022-02-22,300965.SZ,64.368,65.352,63.696,63.746,368900.0,-0.079,64.28,1.004,2.459,2.459,0,交易,25.92354615697438,26.176494509963398,5791.572469228837,0.9835965234422818,0.9746603011384501,1.0083769962036833
2022-02-23,300965.SZ,63.666,64.77,62.842,64.479,447774.0,1.15,63.891,1.004,2.985,2.985,0,交易,21.60100502512563,21.3286432160804,7125.393844880812,0.9864289022695693,0.970233132623128,0.9908807518727027
2022-02-24,300965.SZ,64.268,68.083,63.846,67.239,1465022.0,4.281,66.225,1.004,9.767,9.767,0,交易,6.884304289955975,6.580116719565885,22946.183002850612,0.9727097807088406,0.9377671371708062,0.9849194663811179
2022-02-25,300965.SZ,68.263,68.263,65.252,66.306,871984.0,-1.388,65.882,1.004,5.813,5.813,0,交易,11.406502666437296,11.743161878548083,13363.329859621163,0.9651201968855749,0.9558911855617244,0.9936054052423613
2022-02-28,300965.SZ,67.802,67.802,65.553,65.985,568511.0,-0.484,66.423,1.004,3.79,3.79,0,交易,17.410290237467017,17.889709762532984,8672.539776974358,0.9796613669213297,0.9668298870239814,1.0066378722436917
2022-03-01,300965.SZ,65.553,66.918,65.051,66.215,506391.0,0.35,66.037,1.004,3.376,3.376,0,交易,19.61344786729858,19.417357819905213,7784.522912791502,0.9868346334319615,0.9721001823126811,0.9973117873593597
2022-03-02,300965.SZ,65.944,66.055,64.76,64.86,426352.00000000006,-2.047,65.027,1.004,2.842,2.842,0,交易,22.821956368754396,23.203377902885293,6583.570105003088,0.9844372114147301,0.9803951252743925,1.0025747764415665
2022-03-03,300965.SZ,64.86,65.131,63.786,63.796,445533.0,-1.641,64.22,1.004,2.97,2.97,0,交易,21.48013468013468,21.838383838383837,6984.808578684978,0.9860128049623067,0.9793493113878184,1.006646184713775
2022-03-04,300965.SZ,63.706,64.629,62.973,63.244,318723.0,-0.865,63.817,1.004,2.125,2.125,0,交易,29.761882352941175,29.97929411764706,5061.264351388691,0.9874359807516748,0.974376827739869,1.009060147998229
2022-03-07,300965.SZ,63.415,64.167,62.039,62.401,294700.0,-1.333,62.924,1.004,1.965,1.965,0,交易,31.75623409669211,32.27226463104326,4750.237753671077,0.9806286720588464,0.9668365359140991,1.0083812759410906
2022-03-08,300965.SZ,62.24,62.672,59.951,60.032,357999.0,-3.797,60.947,1.004,2.387,2.387,0,交易,25.14956011730205,26.074570590699622,5971.526746843255,0.972475746744958,0.9565834822568292,1.0152418710021323
2022-03-09,300965.SZ,60.333,61.136,57.291,58.375,383900.0,-2.759,58.962,1.004,2.559,2.559,0,交易,22.81164517389605,23.576787807737396,6700.877973852787,0.9644399371892175,0.9371074326092645,1.0100556745182014
2022-03-10,300965.SZ,59.208,59.911,58.907,59.198,231400.0,1.41,59.343,1.004,1.543,1.543,0,交易,38.36552171095269,38.37200259235256,3928.225847522366,0.9905192702508722,0.9832418086828795,1.0024494070745633
2022-03-11,300965.SZ,58.927,59.349,57.743,59.249,193700.0,0.085,58.493,1.004,1.291,1.291,0,交易,45.89388071262588,45.64446165762975,3354.519162495887,0.9855768420697907,0.9729397293972941,0.9872402909753751
2022-03-14,300965.SZ,59.008,70.773,58.496,65.252,1732818.9999999998,10.132,65.832,1.004,11.552,11.552,0,交易,5.648545706371191,5.10803324099723,29622.863101750543,0.9301852401339493,0.8265298913427438,1.0088886164408752
2022-03-15,300965.SZ,64.74,65.151,60.724,60.764,1147439.0,-6.877,63.181,1.004,7.65,7.65,0,交易,7.943006535947712,8.462745098039214,18895.971938607472,0.9697625516108732,0.9320501603966171,1.0397768415509183
2022-03-16,300965.SZ,60.935,61.698,56.719,59.75,955823.0,-1.669,58.834,1.004,6.372,6.372,0,交易,9.376961707470182,9.562931575643441,16851.90147922213,0.953580342960874,0.9193004635482511,0.9846694560669457
2022-03-17,300965.SZ,59.75,61.688,59.75,60.453,676290.0,1.176,60.721,1.004,4.509,4.509,0,交易,13.407185628742514,13.25127522732313,11318.661087866109,0.9843243418493061,0.9685838412657243,1.0044331960365902
2022-03-18,300965.SZ,60.473,60.614,59.238,59.851,405821.0,-0.996,59.914,1.004,2.705,2.705,0,交易,22.126062846580407,22.35600739371534,6850.68705898241,0.9884515128518164,0.9772989738344278,1.001052613991412
2022-03-21,300965.SZ,60.032,61.919,59.61,61.136,559261.0,2.147,60.947,1.004,3.728,3.728,0,交易,16.399141630901287,16.10300429184549,9381.999664485824,0.9843020720618874,0.9627093460811706,0.9969085317979587
2022-03-22,300965.SZ,62.19,62.903,60.232,60.714,578500.0,-0.69,61.616,1.004,3.857,3.857,0,交易,15.741249675913922,16.123930515945034,9604.529153938107,0.9795399265535825,0.9575377962895252,1.014856540501367
2022-03-23,300965.SZ,60.463,62.24,59.811,61.035,501900.0,0.529,60.968,1.004,3.346,3.346,0,交易,18.24118350268978,18.070233114166168,8391.433013994081,0.9795629820051414,0.9609736503856041,0.9989022691898093
2022-03-24,300965.SZ,60.885,60.885,59.339,59.6,374429.0,-2.352,59.858,1.004,2.496,2.496,0,交易,23.878205128205128,24.393028846153847,6309.998483290922,0.9831321343516465,0.9746078672907942,1.0043288590604027
2022-03-25,300965.SZ,60.122,60.574,58.927,58.937,284695.0,-1.112,59.599,1.004,1.898,1.898,0,交易,31.052160168598526,31.67650158061117,4831.31671390025,0.9839039852081751,0.9728101165516558,1.011232332829971
2022-03-28,300965.SZ,58.044,58.897,57.331,58.255,200795.0,-1.158,57.948,1.004,1.339,1.339,0,交易,43.50634802091113,43.34876773711725,3502.3809108510227,0.9838871249808989,0.9734112093994601,0.9947300660887477
2022-03-29,300965.SZ,58.255,59.198,57.592,57.592,223200.0,-1.137,58.441,1.004,1.488,1.488,0,交易,38.704301075268816,39.14986559139785,3875.538269204056,0.9872124058245212,0.9728707050913882,1.0147416307820532
2022-03-30,300965.SZ,57.602,58.104,57.301,57.763,230294.0,0.296,57.704,1.004,1.535,1.535,0,交易,37.630618892508146,37.5257328990228,4019.0223556307915,0.993115792372298,0.9861799531873882,0.9989785849072936
2022-03-31,300965.SZ,57.753,59.198,57.341,59.078,403400.0,2.277,58.62,1.004,2.689,2.689,0,交易,21.970249163257716,21.47750092971365,7035.105770739959,0.990236156626913,0.9686306969830062,0.9922475371542705
2022-04-01,300965.SZ,58.847,58.847,57.833,58.124,266500.0,-1.614,58.22,1.004,1.777,1.777,0,交易,32.70906021384356,33.11592571750141,4608.095723894662,0.9893452512447533,0.9827688752187876,1.0016516413185603
2022-04-06,300965.SZ,58.215,59.158,58.024,58.877,257075.0,1.295,58.799,1.004,1.241,1.714,0,交易,34.350641773628944,46.90975020145044,4430.494278229698,0.9939315054599547,0.9808309949626424,0.9986752042393464
2022-04-07,300965.SZ,58.827,60.865,58.827,60.252,632800.0,2.336,60.116,1.004,3.055,4.219,0,交易,14.281109267598957,19.25597381342062,10756.965339044997,0.9876940770557792,0.9665160601330813,0.9977428135165637
2022-04-08,300965.SZ,60.313,61.738,59.228,61.447,624340.0,1.983,60.723,1.004,3.014,4.162,0,交易,14.76381547333013,20.01094890510949,10541.29803471331,0.9835595581327545,0.9593443260228709,0.9882174882418995
2022-04-11,300965.SZ,60.624,60.634,57.823,58.325,518064.99999999994,-5.081,59.052,1.004,2.501,3.454,0,交易,16.886218876664735,24.239904038384648,8959.497085934661,0.9739090279381205,0.9536398720189992,1.0124646378054007
2022-04-12,300965.SZ,55.223,55.223,50.314,53.265,1096899.0,-8.675,52.811,1.004,5.295,7.313,0,交易,7.283604539860523,10.429272898961283,21801.069284890884,0.9563225467649349,0.9111058797964616,0.9914765793673144
2022-04-13,300965.SZ,52.432,52.894,50.846,50.856,579156.0,-4.523,51.404,1.004,2.796,3.861,0,交易,13.171717171717171,18.75250357653791,11390.394524643041,0.9718304533595494,0.9612810526713804,1.0107755230454618
2022-04-14,300965.SZ,50.997,51.599,50.334,51.117,262605.0,0.513,51.13,1.004,1.268,1.751,0,交易,29.193032552826956,40.21845425867508,5217.248778161878,0.9909106765634994,0.9754840210081592,1.0002543185241701
2022-04-15,300965.SZ,51.097,51.107,48.507,48.939,471001.0,-4.262,49.415,1.004,2.274,3.14,0,交易,15.585668789808917,22.47009674582234,9709.959387304925,0.966892989218698,0.9491263427710489,1.009726394082429
2022-04-18,300965.SZ,48.989,49.963,48.035,49.591,214479.0,1.333,49.273,1.004,1.035,1.43,0,交易,34.67902097902098,47.332367149758454,4465.056729468097,0.9861897804375238,0.9614114444689069,0.9935875461273216
2022-04-19,300965.SZ,49.591,50.314,49.29,49.641,180600.0,0.101,49.758,1.004,0.872,1.204,0,交易,41.23006644518272,56.8704128440367,3664.0292148508825,0.9889493977819296,0.9796478117422586,1.0023569227050222
2022-04-20,300965.SZ,50.184,50.184,48.818,49.19,203500.0,-0.91,49.519,1.004,0.982,1.357,0,交易,36.249078850405304,51.103869653767816,4168.544389364579,0.986748764546469,0.9727801689781603,1.0066883512909128
2022-04-21,300965.SZ,48.989,49.923,47.443,47.443,275900.0,-3.551,48.725,1.004,1.332,1.839,0,交易,25.79825992387167,36.778528528528525,5815.399532070063,0.9760030446888208,0.9503234981872082,1.0270218999641676
2022-04-22,300965.SZ,47.393,48.457,46.228,47.764,315200.0,0.677,47.339,1.004,1.522,2.101,0,交易,22.733936220847216,31.13863337713535,6818.378471921778,0.976927998018862,0.9540004540107725,0.9911020852524913
2022-04-25,300965.SZ,47.453,47.453,43.066,43.066,372218.0,-9.836,45.324,1.004,1.797,2.481,0,交易,17.358323256751312,26.40678909293267,8642.966609390238,0.955134554190462,0.9075506290434746,1.0524311521850183
2022-04-26,300965.SZ,44.472,44.532,41.761,41.761,287601.0,-3.03,43.085,1.004,1.388,1.917,0,交易,21.784559207094418,32.04034582132565,6886.832211872321,0.9675065121710231,0.9377750830863201,1.031704221642202
2022-04-27,300965.SZ,41.46,43.538,40.687,43.126,316961.0,3.269,42.164,1.004,1.53,2.113,0,交易,20.409843823946993,27.098039215686274,7790.227836901222,0.968441361569204,0.9345169736781662,0.9776932708806754
2022-04-28,300965.SZ,39.793,40.496,38.237,38.77,845166.0,-10.102,39.387,1.004,4.08,5.634,0,交易,6.881434149804757,9.753186274509803,22103.355388759577,0.9726145792177004,0.9442167127617542,1.015914366778437
2022-04-29,300965.SZ,38.77,41.952,38.77,41.61,689552.0,7.328,40.953,1.004,3.329,4.597,0,交易,9.051555362192733,11.64613998197657,17785.71060098014,0.9761870709382152,0.9241514111365371,0.9842105263157895
